1000
384 887 777 1692
794 336 386 878
650 422 362 389
691 60 763 1689
541 427 172 908
212 369 567 996
783 531 862 985
68 136 929 1731
23 59 69 236
394 457 11 53
230 374 421 1340
785 538 198 522
316 371 413 939
92 981 956 1829
863 171 996 1277
306 926 84 411
337 506 846 1575
314 858 124 1019
583 546 814 1181
435 365 43 793
88 809 276 454
789 585 403 1054
755 400 932 992
677 369 739 751
227 587 94 633
796 571 434 812
468 602 97 999
318 493 652 1408
302 281 286 727
866 690 444 1063
441 730 31 148
98 772 481 1156
710 928 567 1423
498 354 586 1551
307 684 219 843
529 872 732 1561
504 20 270 638
709 716 340 489
797 724 618 863
847 452 921 1476
380 489 764 992
842 351 193 693
35 765 124 1038
988 857 743 1234
228 366 859 1795
433 552 437 665
276 408 474 595
859 396 29 266
236 794 818 1246
144 12 928 1457
777 405 443 1206
614 539 606 1446
905 819 128 816
370 918 917 1913
325 744 470 653
491 500 772 1497
645 591 505 644
955 787 669 751
543 465 197 704
356 805 348 959
623 829 299 642
747 569 340 762
312 811 605 1406
662 731 878 1183
321 737 444 1070
523 466 708 1124
283 259 924 1561
63 625 600 636
453 900 379 929
469 72 973 1104
882 931 933 1827
661 164 199 1180
900 997 959 1732
814 669 190 285
927 467 84 424
91 685 376 918
937 108 445 1201
180 419 887 1299
349 173 659 668
337 211 342 929
207 302 713 1085
322 256 819 1418
722 905 939 1750
941 668 705 933
128 151 984 1642
921 225 422 691
397 82 630 714
293 973 672 1522
626 386 222 521
641 43 898 1611
299 191 524 1114
210 582 819 1155
733 156 994 998
380 770 273 1049
851 256 860 1002
580 885 993 1198
622 568 504 1117
962 755 326 585
945 203 202 708
785 22 842 1710
529 190 872 1780
959 499 36 844
754 249 303 636
134 649 890 1644
568 747 368 897
501 47 788 1585
250 991 303 336
364 498 253 1145
687 126 152 1148
976 189 157 886
437 461 414 1335
461 305 28 55
51 749 556 1458
795 698 699 742
40 3 428 831
501 682 647 1185
160 152 535 669
340 693 215 342
505 630 49 1013
286 430 343 678
178 901 238 1209
950 290 367 1355
293 796 743 887
830 391 682 1022
542 570 826 1058
262 43 360 477
24 762 81 390
191 426 996 1363
678 235 690 1316
525 58 614 782
206 359 312 698
101 347 726 1720
917 553 578 1107
947 291 647 1617
52 81 631 1224
858 628 312 1198
215 356 512 602
413 480 610 1579
190 275 355 996
621 434 987 1875
339 567 770 1054
857 418 606 866
850 238 205 264
218 519 945 1728
874 459 873 1510
290 484 607 1085
758 315 471 1200
101 460 618 1056
26 389 74 307
158 682 493 851
271 700 417 1256
570 364 622 1416
174 848 431 893
683 391 292 1083
58 116 521 678
575 492 947 1898
232 22 537 1277
55 31 98 423
82 517 516 518
232 140 796 1200
339 581 218 239
971 863 812 1191
978 686 536 1440
177 484 207 966
858 745 499 1410
128 951 236 796
819 106 563 612
245 712 805 1739
292 376 955 1569
590 769 993 1911
806 883 822 1804
718 31 93 667
127 594 486 739
544 75 814 1527
180 378 762 1537
89 920 710 1442
295 18 346 581
138 692 153 1096
574 329 925 1216
711 19 217 1053
964 56 90 948
131 905 571 1232
634 686 789 862
605 852 805 1055
869 504 485 491
196 640 949 1069
968 227 763 1440
597 982 865 1425
37 956 770 1288
212 343 532 728
380 322 270 1254
173 428 234 274
284 73 398 1228
64 348 950 980
574 715 59 581
48 925 82 517
233 205 954 1397
899 487 640 918
160 263 262 945
42 849 723 1047
273 123 154 489
822 458 365 1112
172 777 269 487
702 704 653 1586
908 960 728 1534
798 721 84 392
335 699 991 1367
899 716 52 223
190 560 506 516
17 225 109 648
1 379 109 162
82 115 338 1327
427 68 147 370
788 232 532 654
282 876 850 1029
591 255 350 481
814 858 494 675
82 604 720 1153
983 182 487 902
297 826 404 1126
893 552 297 329
135 182 506 921
58 709 595 1594
963 298 483 1259
155 978 309 896
933 383 21 287
564 861 682 893
686 87 285 1215
991 584 314 790
117 821 892 1417
529 840 525 1015
137 361 618 1261
338 929 582 1203
311 956 888 1113
816 571 437 1290
9 723 783 1133
658 98 827 953
270 72 651 800
911 529 639 1037
889 611 393 970
891 977 199 751
932 88 777 876
658 567 952 969
642 736 368 666
185 196 776 1581
267 429 954 1482
309 594 278 475
556 673 774 1219
1 326 997 1280
413 128 382 803
694 335 439 773
422 160 985 1942
355 762 762 1734
542 717 852 1702
663 483 399 616
155 174 15 521
852 365 790 1053
492 173 37 574
860 829 871 1151
988 857 590 931
971 353 665 1176
70 518 361 444
352 113 300 806
639 668 364 853
33 155 104 979
680 142 412 950
970 637 170 1126
845 761 649 1463
466 315 326 1212
184 40 969 1504
153 622 393 1183
290 110 631 1304
265 736 548 843
878 314 833 1031
950 356 155 948
469 157 960 1893
824 287 171 529
678 141 245 426
762 991 323 373
101 955 75 439
43 625 659 1578
290 845 469 707
552 977 383 402
134 344 304 1260
982 476 666 677
968 913 192 921
903 869 131 133
175 208 718 934
184 378 487 959
574 958 62 187
934 798 496 914
142 154 726 1200
981 394 485 1433
306 31 29 588
899 161 562 986
720 281 641 1543
11 481 726 1309
790 141 708 1431
939 558 493 924
711 221 905 1595
614 392 638 908
422 668 829 1500
181 744 95 994
25 89 154 540
570 233 969 1679
374 31 433 1096
588 280 94 743
500 352 339 803
743 331 86 601
350 916 186 1067
12 635 133 520
723 288 773 1416
520 743 354 598
125 140 259 322
419 354 712 981
706 405 733 1532
735 820 315 750
88 854 669 1119
488 803 837 1399
90 611 205 1165
705 912 557 1386
404 817 892 1713
523 606 443 1022
362 529 378 825
701 46 882 1669
900 552 589 975
354 427 948 1742
37 507 107 199
418 665 921 1741
481 167 994 1348
124 438 933 1417
318 313 931 948
710 166 156 764
70 746 995 1417
172 296 569 1128
802 677 652 1223
341 926 743 915
92 90 527 1093
879 813 50 246
125 334 213 399
500 371 794 1362
116 142 342 981
438 264 198 788
940 203 513 1144
129 258 804 1375
347 684 138 363
496 541 421 1393
227 635 158 883
357 953 645 1117
447 340 111 994
604 662 825 1367
217 340 174 518
597 331 267 561
14 758 519 1379
651 293 832 1708
280 991 953 1588
296 599 107 848
938 571 976 1516
585 802 83 883
493 610 496 936
940 764 735 1039
874 607 164 687
252 350 751 1281
340 705 165 1151
303 626 79 670
548 408 484 615
562 920 931 984
529 428 494 1313
544 582 123 891
188 640 643 1081
989 395 320 1000
99 487 18 770
464 99 695 705
506 180 142 208
99 426 472 1450
854 967 797 1545
548 273 516 602
913 160 877 1777
554 198 932 935
36 952 107 605
50 155 861 1767
335 4 325 1109
429 798 763 1396
116 561 381 395
186 898 100 197
409 330 349 662
880 635 316 1230
586 776 765 1751
931 627 892 1508
630 570 752 1161
367 516 395 1228
429 777 847 1460
27 301 62 848
630 764 100 608
398 417 775 1757
545 541 320 1146
519 566 794 1293
135 547 908 1761
63 304 686 1528
433 535 807 1617
835 870 596 1411
985 697 324 706
466 452 716 1077
344 38 187 1048
603 982 360 448
880 621 941 1234
925 629 135 843
163 943 870 1866
164 467 811 1311
516 488 234 566
291 951 693 1326
340 881 494 787
214 855 382 826
476 324 738 1489
952 874 811 1276
169 682 813 1496
500 978 535 549
465 770 346 453
73 392 740 1151
624 588 57 893
794 440 281 901
115 372 371 789
597 535 883 1647
568 698 800 867
675 336 433 923
458 133 949 1478
524 691 292 439
630 350 335 757
141 969 43 298
340 767 25 961
654 261 52 272
958 205 287 1270
541 722 826 1823
206 128 878 1606
170 171 227 1025
521 564 221 881
884 617 267 490
383 293 511 546
554 564 608 1470
769 896 198 858
969 377 9 182
504 888 254 927
58 482 823 1752
397 45 942 1222
13 210 855 1602
855 367 134 893
282 743 973 1374
639 172 413 1371
900 423 484 1239
662 91 780 851
924 604 0 320
1 943 952 964
505 808 759 1117
526 895 117 275
637 91 560 1186
615 974 937 1802
749 422 620 1029
864 401 832 1618
5 834 458 814
128 411 368 999
570 129 341 787
375 459 605 615
902 166 989 1856
491 927 732 970
700 706 0 562
458 833 348 809
18 808 169 666
570 539 128 267
19 471 585 977
281 543 754 1287
708 744 400 950
22 486 788 1508
191 141 634 1281
326 984 461 1155
143 631 191 254
521 321 554 1092
143 493 930 1352
35 686 308 402
781 709 644 1446
546 785 522 609
926 158 735 1337
493 549 296 1282
531 841 49 100
513 957 589 1243
449 873 428 910
558 89 576 913
798 221 139 833
6 15 782 1064
524 870 236 251
418 885 353 652
725 755 350 586
711 293 242 400
165 24 641 1362
112 570 410 670
791 903 955 1102
917 90 781 1220
959 18 806 1181
902 512 674 1652
266 378 566 1542
670 162 134 967
537 128 906 1905
698 317 260 1099
571 568 986 1472
9 768 277 1243
137 436 693 730
947 720 367 579
97 935 540 657
96 675 950 1581
803 209 630 1481
526 243 690 1137
162 677 934 1103
796 564 135 1066
352 181 320 617
901 689 861 1857
975 402 114 183
429 417 52 634
626 683 433 935
278 124 949 1739
152 236 960 1906
800 448 229 731
629 550 799 1327
590 14 876 1439
767 991 984 1178
760 37 776 1160
72 210 238 938
685 540 490 1325
776 451 781 1707
251 363 428 1306
265 580 758 1611
945 635 769 1480
978 106 257 993
143 35 472 1037
596 711 265 897
250 108 467 843
559 602 302 462
964 83 38 265
15 797 433 1391
431 555 669 1076
660 928 495 1296
314 968 718 978
30 336 892 1523
444 713 7 360
314 663 513 1141
97 552 856 966
700 642 69 550
196 91 889 1743
370 737 8 690
705 727 295 1028
415 188 364 1221
252 725 210 774
739 724 193 1027
627 402 945 1270
395 367 806 1395
457 48 795 1621
785 804 860 1700
883 156 573 1221
696 291 505 1451
367 68 863 967
791 409 290 1058
162 236 93 648
602 252 144 554
652 292 588 1023
448 449 275 956
957 201 329 980
843 835 949 1509
902 165 664 707
573 956 811 1544
543 257 640 1136
860 137 258 768
429 847 297 1172
295 925 556 806
126 886 253 572
72 556 880 1204
720 897 367 1011
204 531 729 1475
787 371 594 1239
859 853 508 794
699 806 513 857
731 422 947 1154
659 201 878 1607
108 759 53 232
8 773 175 385
303 905 308 748
627 903 86 571
107 947 123 927
752 638 501 1334
411 449 392 461
1 272 150 258
382 557 287 675
329 463 951 1934
719 260 423 768
515 862 182 1154
808 658 129 1040
295 631 744 801
79 138 126 204
761 629 186 327
185 826 882 1747
640 834 848 1206
445 624 55 365
486 590 283 927
247 413 555 1448
43 301 950 1070
790 429 550 1099
57 738 42 283
915 925 458 1012
110 659 264 818
282 320 216 334
261 500 763 1269
264 319 399 704
971 702 777 888
130 329 12 198
418 56 779 1462
980 590 237 326
248 854 995 1875
525 212 999 1783
712 115 643 969
785 43 632 739
97 762 218 443
442 232 763 973
287 895 894 1511
836 484 58 140
338 54 315 528
618 315 998 1678
781 642 6 570
36 639 23 154
753 243 709 1254
826 825 756 1219
72 3 80 986
486 492 989 1163
545 657 388 549
971 739 841 943
380 849 18 784
839 43 250 1192
285 960 488 949
136 597 924 1130
599 357 113 548
848 455 962 1706
111 703 257 689
441 452 886 1057
300 905 289 778
947 540 784 1366
851 273 43 1029
869 320 192 1010
677 658 253 1128
464 216 619 1544
270 878 709 1418
681 596 232 563
501 523 820 1266
414 957 29 293
229 425 250 698
745 795 618 1390
805 873 647 914
440 620 193 902
849 255 770 1298
851 356 859 1209
230 32 148 790
989 178 906 1474
955 509 369 1067
304 988 470 577
212 470 726 729
441 272 64 352
527 187 816 1192
542 28 78 200
60 227 765 1164
405 24 967 1325
533 689 408 595
677 231 294 533
52 373 242 734
645 307 780 1302
494 950 898 1284
329 977 509 896
203 627 138 1096
650 459 668 849
147 429 720 894
659 15 414 476
740 657 554 1289
316 335 257 417
636 508 546 1510
484 56 703 740
34 843 348 1031
301 369 216 662
150 938 621 780
304 388 221 263
44 776 777 1487
463 387 870 967
894 418 61 789
825 118 766 1624
960 467 893 1152
187 110 57 392
47 31 495 1197
418 717 96 909
493 875 523 829
261 395 403 909
164 818 234 573
935 353 549 1442
819 443 504 509
905 914 692 994
945 188 4 365
257 102 526 1274
328 51 54 993
797 810 445 756
627 681 2 914
33 553 157 360
347 662 560 810
928 253 553 1424
441 558 584 632
11 112 148 485
514 555 277 938
364 75 324 666
755 327 254 393
879 765 342 567
778 903 827 1531
155 381 575 1521
291 161 994 1294
624 143 990 1478
697 620 149 561
694 826 754 1202
152 361 587 969
125 930 959 1861
184 787 606 943
168 535 636 1445
47 631 109 778
126 452 157 330
71 659 585 1349
484 340 564 1550
53 504 368 544
433 328 430 1397
467 38 304 937
572 293 794 1411
276 256 638 1038
708 148 573 1350
158 160 893 1885
851 458 978 1880
961 348 431 1175
27 862 711 1203
899 369 477 1298
661 272 790 1077
880 781 687 1273
280 614 363 799
125 610 428 1402
67 760 229 256
459 661 771 1255
874 836 329 453
204 159 945 1160
783 89 503 1164
869 543 247 747
156 963 936 1567
572 718 958 1596
477 188 17 951
200 141 770 842
328 452 196 1078
611 495 98 490
583 954 53 855
848 653 654 1009
615 592 986 1524
661 945 528 1016
484 546 422 456
38 545 107 472
997 656 247 853
150 698 350 433
3 404 238 1088
56 893 205 226
836 192 911 1406
489 440 983 1306
337 758 358 1084
303 466 91 741
121 691 608 1230
389 959 57 447
362 296 240 1008
541 798 141 516
342 54 223 1052
845 559 152 685
317 511 259 1229
328 351 972 1772
41 581 774 1554
539 832 171 1070
480 764 19 38
562 513 746 1000
918 970 83 845
529 588 295 491
451 555 166 295
257 139 929 1225
719 56 429 1037
888 601 507 1225
716 879 737 1365
391 836 882 1190
806 318 422 1107
258 70 881 1588
624 400 836 1715
890 119 527 1134
174 957 215 627
909 75 130 1106
305 220 956 1002
56 840 706 918
509 129 897 1662
198 131 472 644
530 662 403 821
132 284 377 1033
592 945 69 921
371 552 828 854
124 785 72 602
976 780 94 578
260 992 249 1058
474 75 981 983
736 738 772 1638
21 502 874 1485
446 944 815 982
848 644 193 515
781 618 204 311
397 299 591 599
290 194 817 1579
268 151 116 470
888 241 572 831
742 447 223 761
743 39 705 1294
683 251 263 1077
868 468 921 1537
766 866 624 1030
59 442 520 845
592 989 679 1510
229 252 90 1059
698 314 859 1650
353 917 732 1118
167 996 200 585
815 474 1 580
339 978 337 733
419 858 73 435
846 105 193 618
708 636 746 1151
950 606 548 1201
874 282 39 78
277 592 777 868
65 131 22 777
109 361 151 677
570 578 240 655
682 434 192 581
70 940 146 516
897 695 23 793
976 415 161 765
6 939 695 1116
70 70 176 353
430 681 55 1054
258 297 766 1704
82 959 679 1181
250 826 224 370
873 248 916 1763
662 78 451 469
17 499 440 877
569 617 966 1315
297 22 348 1253
670 467 196 947
778 876 605 631
54 831 172 1097
430 89 772 1215
519 577 461 1347
427 902 323 1317
871 290 696 1214
663 397 424 756
864 621 435 1075
848 393 18 918
223 544 825 829
984 951 447 948
879 909 387 691
163 63 651 683
352 348 902 1268
744 327 50 1008
299 838 950 1448
230 970 398 1202
513 577 808 1655
879 256 349 457
164 737 764 1441
152 416 709 1563
115 613 220 430
291 271 168 1109
108 472 439 1128
441 190 493 797
118 654 151 498
909 853 455 878
942 573 101 193
340 163 946 1400
127 520 16 785
790 185 710 959
656 502 290 737
43 784 103 615
789 608 211 907
812 20 471 1223
592 925 196 1126
88 144 736 1301
663 753 334 1137
290 397 404 700
898 695 96 388
830 200 156 773
159 368 665 987
387 138 74 1051
62 272 908 1408
767 997 66 846
750 401 935 973
798 341 334 380
387 431 690 906
983 847 185 677
215 852 814 1766
341 242 930 1683
865 191 254 884
187 673 762 1049
73 698 325 546
390 661 620 1396
443 311 992 1416
510 530 269 344
381 84 27 747
325 310 474 662
500 81 170 208
753 933 325 501
983 652 398 769
664 371 147 604
33 492 234 775
22 504 616 1369
939 997 826 1089
306 653 803 960
733 327 195 1031
259 521 12 604
524 763 964 1502
133 464 348 513
308 583 58 386
438 28 433 808
24 260 990 1318
912 147 485 1480
473 33 831 913
906 197 675 1103
959 640 319 762
455 668 960 1721
602 371 441 479
398 876 413 833
487 757 101 499
903 939 745 1119
324 930 456 684
126 132 8 443
123 680 230 807
347 191 690 1637
914 133 337 647
8 752 83 576
508 537 243 652
827 990 135 284
919 592 377 772
724 739 830 1027
418 414 774 890
956 466 415 1283
950 754 179 1135
857 615 801 1516
151 398 476 1452
739 612 126 134
203 856 403 680
594 586 475 486
999 602 127 433
419 543 174 541
648 354 323 826
968 478 218 687
227 695 446 1410
306 925 972 1832
780 728 137 862
665 965 736 751
567 216 321 1305
110 496 352 1109
202 28 260 780
857 832 990 1072
526 789 46 229
713 371 43 534
450 533 216 682
498 305 481 544
872 155 399 1380
2 752 90 292
132 703 75 1062
534 66 70 481
206 469 946 1863
192 990 760 1752
874 330 458 828
634 292 785 1642
798 538 190 989
289 281 353 1124
335 429 759 979
846 182 983 1033
2 930 319 511
271 81 537 680
410 348 866 1260
640 4 603 1391
541 794 587 768
426 942 952 1064
722 64 332 899
245 316 969 1215
245 290 790 1304
722 328 9 139
676 876 876 1542
232 481 454 1225
626 43 304 707
336 258 515 571
673 848 975 1892
515 946 163 921
587 954 624 931
282 634 789 1097
862 18 974 1066
850 429 215 690