70
15
67
33
28
73
15
65
75
81
82
80
73
59
72
56
73
61
36
81
44
33
61
4
76
65
81
3
12
36
60
50
23
59
73
38
80
23
76
53
85
64
42
58
42
15
59
59
19
65
49
47
51
82
72
73
27
50
48
86
27
57
52
32
82
71
78
73
76
71
61
64
76
78
75
67
74
75
49
64
37
18
20
43
59
48
61
54
78
19
61
33
55
60
46
19
48
24
50
39
60
52
39
73
16
43
23
66
53
74
66
76
52
63
83
72
70
82
37
39
83
38
14
71
80
35
47
68
69
50
14
16
69
61
54
58
79
44
43
63
79
80
69
75
52
77
62
49
83
34
80
53
44
79
75
71
61
45
35
28
70
50
28
5
62
14
64
42
76
60
45
72
37
71
25
55
27
22
41
74
67
9
65
74
36
84
39
36
71
39
68
50
69
66
42
45
66
40
75
36
88
63
87
45
85
51
43
63
46
22
49
51
40
4
60
73
57
57
52
59
23
77
62
37
59
69
26
43
41
59
17
74
69
44
83
25
72
34
67
56
50
65
19
42
78
30
84
87
70
19
39
51
71
81
71
82
44
76
69
9
18
25
66
41
74
66
65
47
57
76
52
81
37
8
57
34
58
23
72
42
29
54
41
75
39
58
75
87
61
45
44
70
83
51
54
65
52
67
72
76
53
24
72
77
61
55
53
28
62
55
28
70
25
10
85
37
52
26
76
43
84
77
24
78
71
45
16
29
78
74
85
17
41
87
13
67
43
70
68
80
61
21
79
51
48
54
37
74
59
25
17
66
77
48
66
56
40
52
65
84
69
21
54
33
27
79
70
55
70
44
56
61
80
50
12
59
69
11
50
37
34
80
58
78
35
54
52
82
77
74
79
48
25
88
20
62
51
68
25
47
82
33
81
16
78
31
68
69
62
65
41
55
47
93
35
4
50
20
77
9
33
45
71
80
49
70
62
41
80
29
38
52
61
25
86
39
69
62
41
53
81
41
72
72
53
13
24
61
65
67
62
41
64
74
81
76
71
64
10
72
53
46
71
64
86
49
23
54
52
82
76
59
83
23
3
79
64
67
75
52
3
76
73
80
80
35
75
74
76
86
34
68
56
49
57
47
88
35
77
44
