99
119
168
33
147
164
174
102
172
45
140
200
158
185
77
182
58
62
149
41
184
168
68
108
52
72
202
124
190
147
109
50
118
112
169
140
152
151
28
154
111
60
89
183
154
126
135
148
32
26
135
191
129
135
49
93
167
129
58
125
136
171
132
198
190
90
191
106
104
132
177
207
120
131
128
108
165
170
112
150
80
91
157
147
187
177
84
194
188
108
181
126
196
159
168
14
34
157
154
90
122
21
191
169
95
131
85
116
175
53
71
180
141
97
148
134
3
89
127
163
187
100
123
63
168
150
197
197
208
110
164
187
171
139
131
192
168
52
153
92
201
185
171
26
138
184
177
178
45
57
188
158
189
80
161
150
180
177
146
212
167
56
115
133
198
124
40
126
119
176
110
131
115
85
185
50
179
119
179
68
96
172
183
71
213
59
100
136
4
173
88
76
135
81
193
194
85
181
193
195
149
142
195
26
166
158
43
207
91
131
172
162
147
167
201
9
154
195
53
80
197
203
192
83
134
146
85
150
99
174
198
26
64
164
124
166
76
150
113
188
190
184
193
132
75
152
173
184
162
195
181
128
80
159
139
178
45
163
115
153
87
82
152
189
167
162
157
163
149
102
144
158
187
89
116
148
103
90
169
191
57
204
118
94
65
164
189
119
42
103
92
173
153
96
53
81
164
182
172
24
173
138
165
185
159
141
138
130
137
105
192
171
178
192
115
85
116
102
168
162
96
178
138
133
187
178
55
160
200
135
106
132
81
71
118
68
170
146
172
88
172
58
144
53
56
2
196
105
189
109
200
165
197
56
132
35
179
128
112
164
107
171
98
78
78
191
153
103
176
176
79
177
68
144
157
206
145
175
186
119
168
112
127
65
162
127
131
95
169
195
119
188
140
171
130
109
110
159
49
98
44
94
92
103
186
197
115
78
69
167
87
164
135
181
135
157
14
131
134
142
127
189
127
180
101
39
54
184
155
155
176
121
123
116
178
109
88
123
127
99
168
124
169
158
174
90
64
127
118
164
19
113
202
67
184
180
173
190
90
81
102
40
152
200
156
72
146
68
65
161
137
122
56
147
176
97
65
166
78
67
183
89
98
90
31
62
172
147
184
181
187
173
109
79
146
155
45
129
156
127
110
120
176
34
62
197
33
147
68
129
197
100
189
194
66
189
78
77
113
81
35
137
140
104
48
117
195
110
150
177
117
194
137
174
187
5
166
170
44
66
133
178
182
175
148
97
115
119
88
133
91
37
119
147
187
72
155
108
80
128
117
176
199
191
196
71
178
123
153
67
146
99
173
200
167
183
45
139
135
131
166
152
143
163
179
154
94
90
128
2
178
176
114
78
41
164
168
130
63
96
200
126
116
193
159
132
158
183
174
80
189
73
44
64
154
74
2
125
165
171
88
143
56
167
186
96
147
199
161
195
140
112
157
86
185
69
156
183
131
61
102
177
159
131
201
186
112
151
145
90
51
173
197
62
205
135
167
174
133
163
172
114
69
77
171
85
138
154
99
86
164
64
75
165
176
145
96
145
201
138
155
121
144
193
84
15
70
22
94
135
163
167
134
130
158
109
124
83
101
174
60
196
188
212
190
141
154
158
159
156
107
39
123
85
114
170
76
168
164
162
128
175
114
195
203
103
189
161
193
185
145
199
110
133
117
163
73
88
177
188
17
127
176
185
129
148
69
126
101
134
188
112
144
106
178
185
50
204
54
63
160
121
51
159
84
61
107
84
124
101
44
178
201
134
86
187
43
194
144
137
43
194
189
184
67
195
200
175
114
75
180
183
201
68
13
199
65
8
199
186
152
134
140
195
88
111
117
97
185
78
100
96
198
182
180
143
99
190
98
79
49
94
138
85
187
24
130
162
57
64
199
174
75
99
194
180
138
144
165
194
185
113
114
105
108
184
58
147
196
142
184
20
129
141
117
192
118
147
190
179
108
134
148
179
184
93
107
124
54
66
166
74
105
179
183
131
190
191
158
157
57
189
174
137
86
173
176
166
116
121
191
81
86
120
10
119
169
171
185
111
88
121
140
51
98
98
159
207
172
9
179
84
164
129
75
67
186
152
192
62
150
61
95
188
172
159
196
14
151
177
154
164
107
146
136
149
181
126
147
150
199
109
112
188
145
176
128
199
167
121
153
190
163
62
85
193
101
129
189
185
145
214
154
106
193
41
189
169
158
151
193
145
107
90
201
162
189
55
126
147
184
168
156
17
163
179
164
124
188
89
167
201
142
164
139
190
145
155
121
117
