100
3884 23
194 194 175 170 167 157 137 117 111 109 87 85 77 75 70 68 64 61 60 47 37 30 25 
22 23 24 33 36 38 50 51 57 57 58 61 65 69 70 71 73 82 103 111 125 125 136 
4354 52
194 192 187 182 176 174 173 171 158 156 143 142 129 129 127 118 116 112 110 110 110 107 106 104 104 102 102 98 87 86 85 84 80 79 73 72 72 65 62 61 57 55 54 54 47 42 41 39 32 29 28 23 
20 22 27 35 37 38 39 42 43 45 45 48 49 73 81 81 88 92 92 94 97 97 98 98 100 101 104 106 107 108 109 109 109 113 114 115 117 120 122 123 123 126 133 134 135 135 135 136 138 141 142 144 
6424 46
194 178 177 172 171 169 166 162 151 147 146 138 133 133 133 131 131 128 128 122 119 118 111 109 108 107 105 102 98 96 93 88 78 73 58 54 46 45 44 44 42 38 31 29 29 20 
20 21 24 26 34 35 37 37 43 43 51 57 57 58 59 60 61 69 69 72 76 79 79 80 84 89 92 95 96 97 101 103 104 105 107 110 113 115 121 137 140 140 140 141 142 144 
4168 19
194 186 185 181 173 165 156 155 127 120 120 89 81 52 43 31 30 28 21 
42 43 66 71 72 81 91 93 97 102 107 108 110 112 118 120 125 129 137 
7194 19
193 191 189 189 168 159 157 147 144 137 136 119 116 96 80 61 53 49 29 
20 38 47 53 55 58 63 69 84 90 92 106 113 120 125 126 128 140 142 
4721 26
193 187 186 184 184 169 166 159 148 146 118 113 112 111 110 87 84 83 82 80 77 77 59 49 35 21 
22 51 54 55 59 63 67 79 81 82 90 91 93 94 94 96 99 109 115 118 125 129 130 134 140 141 
1578 10
175 167 159 125 124 91 85 59 54 45 
30 60 61 66 73 96 107 116 122 140 
5654 26
190 188 185 179 179 164 150 144 141 133 133 130 126 107 105 92 91 85 65 57 48 48 45 44 38 36 
27 35 42 44 53 59 69 73 75 77 79 80 88 93 94 96 100 106 107 111 114 115 125 130 138 141 
6228 20
189 188 186 183 169 155 153 132 101 97 97 86 78 77 71 71 70 66 45 30 
20 26 27 27 31 35 40 43 63 71 78 79 82 89 93 101 107 120 124 127 
6083 47
184 179 175 171 166 165 165 163 161 154 146 145 136 129 128 127 118 115 113 111 98 98 91 78 77 76 74 70 70 66 63 63 62 59 51 51 51 51 48 43 42 41 40 38 34 34 20 
25 30 30 30 32 35 37 39 40 41 42 48 54 58 59 62 63 67 68 68 68 69 73 76 77 81 82 83 85 87 87 89 106 111 112 117 117 118 118 122 124 125 127 128 129 136 141 
2372 26
187 181 180 175 172 168 154 153 151 146 144 140 122 115 108 105 104 94 85 76 67 50 46 44 40 23 
20 28 36 37 38 41 44 52 52 55 55 59 59 62 65 86 87 88 102 110 120 122 125 138 141 143 
4115 54
193 192 191 187 186 182 178 178 170 169 167 158 144 143 143 138 137 137 136 131 123 117 116 115 102 99 96 95 93 92 89 87 81 80 74 63 57 57 57 55 55 52 50 44 44 43 37 37 36 34 33 31 25 23 
21 26 26 28 30 35 35 36 37 41 42 45 47 47 49 51 56 61 72 73 75 77 80 81 82 82 85 85 88 90 91 92 93 97 102 102 107 111 112 116 121 122 122 124 130 131 131 133 134 134 137 140 140 144 
2764 20
183 177 167 156 147 142 140 138 127 124 121 118 99 92 86 80 71 47 25 22 
38 40 46 51 55 60 60 63 67 71 73 74 90 93 93 95 104 110 121 138 
2642 38
194 176 175 173 170 164 162 161 150 149 144 140 139 131 129 126 124 124 117 112 111 105 104 104 86 80 80 72 72 71 64 53 46 32 30 27 24 23 
27 38 41 43 44 45 45 48 48 52 56 64 66 68 77 81 82 83 84 87 88 89 90 91 103 109 114 123 123 125 127 128 131 132 135 137 138 141 
5847 41
192 182 175 173 172 171 171 163 155 150 146 144 134 131 127 123 118 118 112 109 105 101 97 96 95 90 90 87 85 82 74 66 64 62 59 57 57 49 46 45 31 
26 26 28 28 34 36 36 37 39 40 48 49 49 50 61 61 63 64 69 79 80 83 85 89 91 91 94 96 106 107 114 120 125 130 132 135 136 136 137 137 142 
4415 32
194 193 185 183 176 166 165 164 164 151 148 146 145 139 132 111 106 105 95 84 82 69 68 68 63 63 55 49 42 42 39 23 
20 21 29 30 34 34 35 38 41 41 46 53 59 62 66 72 73 83 85 85 85 109 109 110 112 113 120 128 130 131 132 144 
4054 51
194 191 187 172 166 166 159 158 157 155 150 150 148 148 145 140 129 126 122 122 118 115 115 110 109 109 100 96 95 95 84 80 80 74 70 64 61 59 58 56 55 51 44 44 42 42 36 24 24 23 20 
22 25 26 31 32 38 39 41 43 44 45 46 46 46 47 53 57 60 63 64 64 65 67 68 70 74 75 76 78 82 82 90 91 94 97 104 105 109 110 112 112 116 119 125 128 130 130 132 138 142 143 
5133 50
193 188 180 179 179 176 175 175 170 166 164 159 157 151 151 150 149 142 138 132 126 122 121 120 116 113 109 106 102 95 94 92 89 84 82 79 74 74 70 59 57 52 51 51 47 46 43 37 32 31 
23 23 24 25 27 27 27 31 31 31 36 36 38 39 44 47 49 52 53 55 59 62 71 82 86 86 90 100 103 104 106 106 107 112 113 114 114 115 119 119 120 122 122 122 123 124 129 132 136 138 
5142 43
194 192 191 187 185 184 183 182 180 180 175 174 169 169 163 161 150 147 137 131 130 123 123 122 117 117 107 103 101 97 86 83 80 66 65 64 38 37 35 31 27 25 21 
21 22 23 24 34 35 39 46 46 49 50 55 55 57 62 62 64 64 69 69 70 74 76 77 80 82 83 86 86 89 93 111 113 114 118 122 123 123 128 134 137 141 143 
1188 24
175 166 161 161 154 152 150 145 143 128 118 117 116 113 93 72 70 55 39 33 30 27 25 24 
22 25 25 29 33 36 37 51 52 52 62 65 69 74 77 79 79 84 94 95 105 132 132 136 
4559 41
192 192 192 189 183 177 177 170 169 166 164 164 163 161 160 160 158 155 151 124 122 106 102 101 100 95 92 88 85 81 81 73 67 66 59 57 53 53 42 37 36 
24 35 39 46 50 54 54 56 57 62 70 74 74 76 78 78 81 83 84 86 88 88 94 96 102 105 105 110 112 114 114 115 117 121 124 128 130 131 133 138 140 
3657 40
182 182 180 179 175 168 162 157 155 155 154 154 152 146 137 137 135 123 121 108 108 105 104 103 102 102 101 89 88 81 75 69 61 57 56 52 46 36 27 25 
28 30 31 34 36 38 41 41 43 45 53 53 61 65 66 67 67 68 69 70 71 72 77 80 80 84 93 107 112 112 114 116 119 121 124 126 130 136 138 143 
3140 29
192 189 189 189 189 175 166 156 155 141 136 133 120 119 109 99 96 96 95 91 80 77 65 64 36 34 28 23 22 
26 32 33 37 37 45 53 54 54 67 79 82 83 85 90 94 95 95 95 107 113 114 119 121 125 126 139 142 144 
4133 59
191 189 189 186 179 178 177 173 173 166 164 164 163 160 160 159 159 159 157 141 139 135 127 118 117 115 114 114 114 112 109 106 103 99 93 87 85 83 82 80 74 68 67 67 61 51 51 49 48 43 38 35 34 33 30 26 22 22 20 
21 21 25 28 29 30 33 33 34 36 41 41 47 49 54 62 63 63 67 67 68 69 70 73 77 78 80 84 86 86 88 90 91 93 94 95 96 96 98 99 106 109 110 111 116 116 117 118 124 126 128 130 132 136 141 141 143 144 144 
1839 17
193 189 188 181 175 168 162 155 127 115 111 79 63 62 55 42 20 
22 28 48 62 66 68 86 93 94 96 101 110 113 119 127 132 139 
6866 52
186 179 171 170 170 163 156 155 149 144 143 134 134 131 128 115 108 104 104 103 92 87 87 85 80 78 76 73 69 64 63 63 62 60 53 52 48 47 46 43 42 41 38 34 34 33 27 27 26 25 22 22 
22 23 32 43 44 45 48 53 53 58 59 61 62 63 65 66 66 68 68 69 70 70 71 71 73 73 75 75 83 85 87 87 87 89 89 90 97 99 103 108 109 115 117 125 127 129 129 130 130 131 135 140 
4096 27
185 180 169 166 161 154 154 152 150 144 135 126 126 125 121 116 113 104 97 97 80 53 45 43 34 31 21 
28 32 34 42 44 47 53 54 58 58 62 75 83 84 92 93 97 103 105 108 112 121 123 127 133 133 134 
3400 23
183 178 178 171 171 159 157 148 136 132 128 122 120 109 89 84 83 80 75 68 50 49 38 
20 24 26 33 33 36 43 67 67 81 86 88 96 104 105 111 114 118 120 121 124 125 127 
6294 27
194 184 174 161 156 154 151 151 130 118 117 115 109 108 106 97 97 92 88 77 76 74 53 47 44 42 31 
20 22 33 38 46 59 65 69 75 78 81 87 89 93 99 106 110 114 115 117 121 121 123 123 128 132 136 
3070 43
189 187 187 184 168 162 160 157 157 156 154 149 146 145 132 119 114 109 105 101 93 88 80 80 77 70 68 68 63 60 60 58 56 54 49 45 37 36 30 23 23 23 20 
28 28 29 32 40 41 43 45 46 51 55 56 58 62 63 63 66 71 72 75 76 79 80 83 85 85 91 91 91 91 92 100 101 103 110 112 116 132 133 134 139 144 144 
5717 47
194 194 182 181 179 175 173 167 162 158 153 152 151 150 141 132 125 105 104 104 101 98 97 91 91 87 86 84 83 81 80 80 80 79 72 70 68 59 51 47 42 40 39 35 27 24 24 
22 22 27 34 40 41 42 44 46 46 48 48 50 56 59 65 66 67 72 73 74 75 77 82 84 85 86 87 87 89 95 99 105 106 107 111 113 115 116 122 122 126 130 133 135 137 142 
4147 34
193 192 192 185 177 174 159 159 158 157 156 149 147 137 137 133 109 106 104 104 95 88 87 82 77 73 68 67 67 58 47 39 36 22 
26 29 30 31 37 38 38 38 42 42 45 46 59 60 66 69 71 74 78 80 82 84 95 97 102 122 124 126 135 136 141 141 141 144 
5161 20
181 163 151 140 138 135 134 128 122 119 116 115 102 87 53 48 46 45 34 22 
23 38 49 50 55 58 68 70 85 91 94 94 102 107 114 117 123 133 137 140 
6016 38
192 190 180 176 166 165 163 157 151 150 146 145 144 141 134 132 127 122 120 113 111 107 103 96 86 80 77 66 61 59 57 57 56 47 41 39 30 24 
22 23 24 34 39 41 42 43 47 50 54 57 58 59 65 66 67 67 76 79 92 94 104 104 104 107 111 112 116 122 122 126 128 128 134 137 138 143 
2256 16
189 177 165 153 142 141 138 135 133 124 105 56 49 47 47 46 
46 48 51 57 59 61 72 91 94 99 100 121 122 133 138 139 
3056 34
194 191 189 176 176 172 169 168 159 155 145 144 134 132 127 123 120 113 112 91 84 78 73 69 69 67 66 56 48 44 39 26 26 24 
20 21 22 28 33 34 35 40 44 52 57 58 60 77 79 80 86 88 98 99 101 103 112 116 117 124 126 128 132 139 139 142 143 144 
1430 38
185 185 182 171 168 164 162 159 153 145 138 136 134 121 119 114 114 110 107 107 107 104 101 98 95 81 67 66 54 49 45 44 44 43 40 37 28 21 
23 24 25 26 32 40 45 49 51 51 60 66 69 70 72 73 73 77 81 85 92 95 97 98 99 107 107 112 115 118 121 126 130 130 131 131 134 134 
855 40
193 175 175 173 169 168 168 154 143 131 130 125 124 124 122 121 117 110 109 108 107 105 100 100 89 88 81 78 77 64 63 60 57 56 55 54 32 30 24 21 
20 20 21 22 23 30 30 32 33 41 47 61 62 63 68 72 73 74 76 77 78 85 87 89 92 98 100 100 101 103 104 105 111 117 118 119 122 131 137 140 
1286 23
194 191 189 185 177 177 177 154 148 132 132 129 129 106 105 95 90 79 74 72 37 35 30 
20 27 32 33 34 35 48 51 63 69 71 71 98 103 110 115 128 131 137 140 140 143 143 
1535 50
194 187 183 180 179 177 174 172 170 165 164 164 163 156 153 151 146 142 142 141 141 140 137 131 125 116 113 112 108 106 100 94 93 92 86 86 84 81 70 62 56 55 47 43 35 31 26 22 22 20 
23 25 26 26 27 29 30 33 34 47 48 49 52 55 55 56 58 59 61 62 66 69 69 71 76 76 78 80 82 83 83 90 92 94 99 102 106 107 109 110 113 113 114 114 126 127 128 133 137 141 
697 20
193 193 181 181 174 165 142 140 130 124 92 81 75 62 57 43 33 30 24 21 
40 46 55 56 71 73 75 75 76 80 80 80 81 86 99 100 104 105 133 137 
7025 41
190 183 170 169 168 160 156 155 149 146 146 142 127 116 116 109 100 97 88 85 83 80 80 78 75 73 64 61 58 57 54 52 49 47 39 30 29 27 26 25 22 
27 28 30 34 36 37 47 55 56 57 58 60 68 76 76 78 83 85 86 91 92 93 94 94 96 98 101 102 102 104 107 108 114 117 118 128 130 131 136 138 138 
7208 20
186 172 170 147 145 141 138 138 115 103 96 92 87 81 80 68 63 45 29 25 
23 30 41 45 52 71 76 79 87 88 92 96 97 101 107 109 114 122 129 144 
3320 40
192 186 183 180 180 175 171 168 159 159 156 146 145 142 142 132 131 124 119 108 101 100 93 84 76 74 68 67 58 56 56 54 54 44 43 41 40 34 30 22 
23 25 28 33 36 45 47 48 52 53 53 55 58 59 59 61 63 65 67 75 78 80 86 89 89 93 94 99 102 102 110 115 115 118 125 129 131 133 136 136 
3161 27
193 191 190 183 180 174 174 166 159 156 151 146 145 129 126 103 102 99 94 81 78 72 71 69 54 32 20 
22 23 26 29 33 40 43 44 44 49 53 57 57 69 75 90 91 94 95 104 115 117 120 125 127 127 135 
5824 39
194 192 185 180 177 177 171 165 163 155 149 149 147 142 141 134 134 134 133 115 112 108 104 91 88 83 78 70 69 62 61 51 42 33 31 30 28 23 21 
20 23 30 31 31 33 36 41 45 46 48 49 52 56 58 60 63 64 64 74 76 80 84 89 93 95 100 101 105 106 107 114 119 124 124 124 126 140 142 
5383 48
194 193 190 185 179 174 173 171 170 165 162 161 160 160 159 153 152 151 149 148 133 130 120 118 117 108 104 96 94 78 74 71 67 65 65 60 58 57 51 47 46 43 39 34 34 28 24 24 
21 21 22 22 27 33 35 35 36 38 39 41 43 46 46 47 50 51 55 55 56 58 62 67 78 79 82 87 89 90 90 95 96 97 98 102 108 110 113 115 119 119 122 128 139 140 140 140 
3914 13
169 163 142 139 98 98 90 70 61 58 58 53 47 
39 41 42 53 77 87 89 109 115 116 131 134 143 
3911 17
180 179 172 167 142 134 122 120 109 78 65 58 56 48 44 33 30 
29 40 41 43 54 61 69 73 81 85 91 95 96 117 127 129 141 
3087 13
193 127 118 116 112 96 87 59 51 51 41 35 24 
21 29 32 32 44 51 89 94 117 118 125 131 138 
5953 16
179 178 160 136 126 122 90 88 74 71 61 44 39 30 29 28 
21 30 35 46 78 89 92 93 94 95 113 124 127 129 135 138 
2905 16
180 171 170 151 140 140 139 133 92 76 72 68 63 59 38 23 
30 36 37 47 61 66 71 76 80 89 92 96 100 115 119 144 
2359 37
190 190 189 179 165 165 159 156 148 135 133 133 132 123 114 114 113 112 101 101 91 88 87 84 79 67 62 40 39 30 29 26 25 25 22 22 21 
24 25 25 28 30 30 31 40 45 45 47 55 67 69 72 73 75 77 80 81 81 87 99 104 105 109 115 117 117 117 121 125 125 130 130 131 143 
5268 57
193 189 188 186 185 180 178 175 172 170 167 163 161 161 155 154 152 143 143 137 129 127 123 120 118 117 115 112 110 106 105 99 95 88 88 83 82 77 72 72 70 63 59 57 54 53 49 48 41 41 40 39 34 33 26 25 25 
20 22 24 27 29 32 34 36 36 42 43 45 47 47 53 54 55 56 57 58 59 60 68 81 82 83 85 86 89 89 89 91 92 94 94 95 96 97 97 97 98 99 102 103 106 108 109 113 117 119 120 123 125 128 132 140 144 
3022 43
193 191 188 182 181 176 168 160 158 153 150 144 138 138 136 136 127 125 114 108 106 105 105 100 98 97 94 93 92 86 76 73 68 66 59 59 49 48 46 41 40 35 25 
20 20 22 31 40 40 45 48 48 53 54 55 57 61 61 71 72 78 79 80 84 86 87 89 90 96 100 103 108 112 116 116 118 119 129 130 131 133 136 138 139 142 144 
5307 37
192 190 186 181 179 174 164 159 152 141 141 140 138 135 134 118 114 112 98 97 95 90 73 73 67 63 57 56 55 53 51 50 47 41 39 29 26 
20 24 25 26 29 33 40 41 42 47 51 57 63 66 66 83 85 92 95 99 100 103 103 103 104 113 115 117 118 119 123 128 131 131 132 132 143 
752 55
192 192 190 187 184 182 182 176 165 165 159 158 152 150 144 143 139 136 136 134 121 115 105 103 102 97 92 89 89 83 79 78 77 77 77 75 75 73 72 71 70 69 67 64 62 54 53 51 48 46 45 41 27 22 22 
20 20 21 22 25 26 31 31 35 35 36 39 44 48 49 50 56 56 57 60 62 65 68 68 70 76 77 78 82 83 84 85 92 93 93 95 96 99 100 100 101 105 107 112 115 119 122 127 127 128 133 134 141 142 143 
5458 47
190 189 185 184 181 179 176 171 168 168 159 158 155 155 153 152 143 137 136 132 128 127 111 109 100 99 99 90 89 88 85 80 79 78 67 66 62 61 58 57 53 49 48 40 36 33 23 
26 39 39 42 49 50 55 60 62 62 62 63 68 70 74 74 75 82 83 86 88 89 91 91 95 95 99 103 103 103 105 106 112 113 115 116 117 117 119 127 129 131 132 132 137 144 144 
3804 26
191 173 168 168 160 159 143 140 138 125 122 116 111 93 85 84 83 80 75 57 56 52 45 39 33 23 
22 40 43 51 60 62 62 64 64 80 81 83 83 86 86 89 106 109 116 117 118 122 124 130 141 142 
3706 41
190 189 189 179 178 178 174 166 166 158 158 147 143 137 130 128 126 121 113 111 108 105 102 100 90 87 83 80 80 74 73 69 69 67 64 55 47 44 32 28 21 
20 20 22 26 28 31 32 40 42 42 48 49 53 55 59 59 61 61 70 73 79 80 80 80 84 90 91 93 106 109 111 112 114 116 125 126 128 130 133 134 142 
743 54
184 181 172 159 158 158 155 153 152 151 147 146 145 135 134 132 130 129 128 126 123 123 123 118 114 107 102 99 93 90 88 79 75 73 72 72 71 71 69 68 65 60 55 53 47 44 37 31 30 29 28 26 24 24 
22 26 31 32 35 37 43 49 55 56 58 59 59 60 62 63 65 70 72 74 78 82 83 84 84 87 89 89 90 93 93 97 98 99 100 103 104 104 104 104 105 107 107 112 118 118 130 133 134 135 136 142 144 144 
3829 27
192 180 173 172 158 158 148 145 138 137 128 107 103 103 86 85 80 71 65 64 63 60 48 44 43 27 22 
22 33 37 37 45 46 53 54 67 68 69 73 76 77 78 79 80 82 84 94 114 117 121 122 127 127 132 
3010 17
192 175 157 156 154 148 145 83 74 73 67 39 37 37 36 33 30 
24 30 31 38 42 44 49 58 61 64 93 95 98 103 119 132 135 
5878 11
158 139 139 134 133 119 111 111 99 28 28 
30 44 73 75 79 83 92 114 127 131 135 
5040 19
187 185 182 173 173 151 145 138 132 122 121 104 94 75 66 66 60 58 23 
24 32 39 40 41 52 57 71 84 90 91 118 120 123 129 130 130 139 144 
2871 59
194 187 186 183 182 174 174 172 170 165 165 165 164 162 160 160 159 157 153 148 147 130 127 126 125 117 115 113 111 110 109 109 108 105 104 97 95 91 89 86 83 80 76 75 68 66 61 58 57 55 53 45 40 36 32 29 27 27 23 
20 22 25 27 28 29 34 36 36 38 42 43 45 52 52 57 59 59 60 63 64 64 66 68 70 71 74 82 83 86 87 90 91 94 94 95 96 99 101 101 104 112 113 113 116 121 124 124 126 127 130 131 131 132 132 132 135 137 138 
4470 46
184 183 177 167 163 153 152 148 143 139 136 129 127 123 123 121 121 113 111 97 92 86 85 80 78 77 76 72 70 67 66 65 65 64 62 61 58 55 54 49 48 43 35 29 25 20 
21 25 28 33 42 42 45 45 48 59 62 63 64 68 69 74 74 83 84 84 85 88 89 90 92 98 100 102 104 105 105 107 113 116 116 117 120 123 124 126 130 136 140 142 143 144 
3927 38
193 192 184 183 183 179 174 173 170 164 164 156 154 151 143 137 133 126 111 107 104 103 95 95 91 88 88 83 71 63 53 39 38 35 34 33 26 21 
20 27 29 31 31 32 36 41 41 43 44 45 46 49 54 56 56 57 63 65 66 67 84 87 91 94 97 102 104 105 110 115 117 119 120 130 135 141 
4070 58
194 194 192 186 185 182 178 177 171 171 171 170 170 163 161 161 159 157 151 150 150 148 144 143 143 142 140 132 129 127 120 118 115 113 110 110 106 91 89 88 85 84 83 72 67 62 57 57 54 52 48 47 38 35 29 29 27 27 
23 26 27 31 36 36 40 40 42 43 48 53 57 57 71 75 77 79 79 81 82 83 87 88 89 90 91 92 94 94 98 99 103 105 107 108 109 109 111 111 114 114 117 118 120 120 121 126 129 130 132 134 136 138 139 140 140 144 
1935 14
184 183 180 177 144 144 112 100 97 80 64 63 47 42 
45 58 66 86 96 98 100 100 111 123 129 130 137 142 
5061 53
194 194 184 177 174 173 171 164 160 157 154 152 151 148 145 142 132 131 127 125 118 118 117 116 111 107 100 95 89 87 87 80 78 76 74 73 73 71 68 65 64 63 58 58 57 55 34 31 30 30 29 29 20 
27 30 32 32 36 40 42 43 46 53 54 54 56 58 59 59 64 68 69 71 75 75 79 80 81 82 86 87 89 89 90 96 98 98 99 101 106 107 113 118 119 126 126 127 127 128 131 134 134 135 136 142 143 
2170 30
180 178 174 166 152 132 125 117 116 116 110 107 105 100 99 98 77 73 72 70 58 53 51 46 39 32 31 29 29 28 
20 21 35 45 46 47 53 58 64 66 70 73 81 88 91 101 101 106 108 108 118 120 123 124 124 126 126 127 130 131 
4189 35
194 193 188 184 182 180 180 178 177 173 160 145 138 135 121 119 111 109 107 99 98 94 67 66 65 61 58 56 53 52 49 49 30 26 24 
22 24 26 30 31 34 34 35 36 39 42 51 53 55 55 60 62 77 77 82 84 85 85 87 88 94 99 115 123 124 137 138 138 139 142 
1688 53
194 191 189 184 183 178 177 176 175 174 173 172 166 165 164 160 159 158 156 154 153 145 141 132 131 129 128 128 109 107 104 104 99 98 98 93 83 82 77 72 70 63 58 57 57 56 52 42 39 39 38 36 27 
21 21 22 24 25 25 26 28 29 29 31 36 38 38 41 48 52 53 54 58 59 68 71 73 82 86 90 92 93 96 96 97 102 102 104 107 109 111 112 114 116 118 118 120 121 122 124 124 126 136 137 139 141 
1142 33
190 186 183 182 173 168 165 161 160 147 141 131 130 125 108 104 101 86 85 84 82 79 79 74 73 72 72 64 52 48 38 32 30 
34 41 42 46 47 48 52 53 53 55 56 63 65 68 75 76 87 89 90 90 98 101 101 103 106 114 119 123 126 126 127 134 142 
4181 50
193 193 187 186 183 171 167 165 165 162 160 158 158 157 157 156 154 149 143 141 141 138 137 137 122 117 110 108 106 103 102 101 99 98 96 96 95 88 75 58 56 56 46 37 36 35 35 32 30 28 
21 22 27 28 30 37 40 41 44 50 51 57 62 62 63 67 67 67 70 76 81 82 87 87 89 89 91 93 94 96 96 101 103 105 108 114 117 118 119 121 122 125 128 131 132 132 137 139 142 143 
2658 58
191 191 186 185 185 183 180 177 175 175 171 171 167 166 164 162 161 160 153 141 139 139 137 136 128 128 118 110 106 104 104 104 102 93 93 88 85 83 82 81 75 69 68 67 67 64 63 61 60 54 51 48 41 37 35 32 23 23 
21 22 23 24 26 31 32 35 41 44 46 46 49 49 50 52 54 56 56 59 59 61 63 70 70 73 74 74 76 77 79 79 82 91 92 94 94 95 96 96 99 99 99 100 100 102 107 110 114 120 128 131 131 133 135 136 138 142 
3696 30
194 187 186 177 175 166 165 161 146 145 143 139 137 133 117 114 112 107 89 88 73 69 69 68 60 55 51 33 32 26 
21 34 39 42 44 47 51 51 57 57 60 63 65 69 73 73 76 79 82 84 91 93 104 109 114 121 129 131 133 135 
1348 11
174 160 155 145 104 97 68 54 52 42 35 
33 34 45 51 72 111 117 125 129 136 140 
1380 53
190 188 186 183 177 177 177 174 172 163 162 162 160 157 156 154 153 152 149 144 143 142 139 135 128 125 118 106 101 96 83 78 78 73 73 71 66 66 61 58 56 55 54 49 45 37 36 34 31 28 28 24 24 
20 22 23 24 27 34 36 37 40 41 41 46 52 55 55 58 59 61 65 65 66 69 70 71 75 76 78 80 86 88 90 93 103 104 106 107 112 115 121 121 122 125 125 127 129 133 133 135 137 138 140 140 142 
1565 16
182 176 156 155 154 153 149 147 147 134 122 96 95 65 59 39 
23 26 44 44 44 52 52 53 60 100 101 105 110 113 114 128 
1447 41
194 183 182 181 177 175 174 172 172 169 165 160 159 155 150 149 149 146 143 139 133 131 121 113 97 94 94 92 83 80 75 72 70 64 57 52 47 45 44 37 26 
20 25 26 35 37 38 39 59 61 63 63 66 66 69 74 75 76 77 85 87 87 90 90 93 94 95 95 103 103 103 106 109 119 120 121 126 127 130 142 142 143 
4575 46
193 192 191 186 181 176 173 173 171 169 169 164 151 146 144 125 122 119 117 114 100 99 90 88 81 79 76 75 74 70 67 62 62 62 60 60 56 54 51 39 35 34 27 26 23 22 
24 26 26 27 30 33 37 47 48 49 55 56 57 58 58 60 61 65 68 69 73 75 80 80 86 87 91 92 98 100 102 102 108 111 113 113 114 114 116 119 127 128 132 132 134 136 
1379 17
194 193 193 175 165 149 142 115 115 85 79 65 47 43 43 27 21 
21 23 26 33 47 49 57 62 63 70 72 74 77 83 88 94 107 
2925 21
181 176 171 169 162 160 152 151 140 124 121 98 92 91 88 77 76 66 64 49 22 
38 48 56 61 65 66 66 69 71 73 75 90 99 109 118 122 124 132 134 140 141 
5162 31
193 192 185 180 174 172 170 169 165 163 161 158 147 146 121 121 105 100 99 99 93 86 77 58 52 46 46 46 43 39 28 
22 22 23 34 43 44 48 52 54 57 60 62 62 64 71 72 77 79 83 88 89 95 95 104 112 119 119 122 122 134 142 
3757 21
186 182 173 157 156 150 148 145 133 108 102 99 86 80 75 71 66 45 37 37 29 
29 35 42 42 47 52 54 55 63 71 71 73 83 88 89 90 95 96 97 119 120 
6927 28
190 186 179 163 157 156 144 144 142 133 129 128 127 124 115 115 103 98 96 92 83 66 66 64 35 28 25 21 
23 29 32 33 38 40 46 51 51 55 64 65 68 70 70 72 78 85 86 90 93 94 97 99 114 124 125 143 
2683 31
194 193 187 187 184 184 180 176 170 164 158 154 133 121 115 111 102 99 85 79 74 71 68 60 59 56 54 40 34 32 20 
29 31 33 36 37 47 48 48 49 50 56 59 61 64 65 67 70 83 85 95 105 112 116 126 127 130 130 136 137 138 143 
1964 34
193 187 180 177 164 161 156 136 136 130 110 98 90 87 86 81 70 66 64 60 60 57 52 48 46 46 44 43 38 38 30 29 21 21 
20 22 26 32 35 40 41 50 53 64 67 70 71 71 78 80 85 88 89 98 100 103 104 104 113 114 115 115 121 129 137 141 143 143 
2773 20
177 171 169 161 159 122 119 107 103 100 82 75 70 64 62 60 60 42 35 27 
29 39 43 45 46 56 68 70 76 78 87 102 112 113 115 119 129 134 137 142 
3259 48
191 186 184 184 183 181 181 180 175 168 160 160 159 158 154 152 152 149 144 143 133 125 122 113 110 108 107 102 99 85 83 74 71 71 66 63 63 61 53 52 50 47 47 38 37 37 34 24 
20 21 23 23 24 28 32 38 41 43 52 54 55 56 59 61 62 65 65 67 71 72 76 77 84 84 84 88 92 101 105 105 108 110 114 114 115 116 122 127 129 130 131 131 136 136 137 142 
2191 38
186 168 165 164 145 140 138 136 136 124 122 121 120 118 113 110 94 93 84 80 78 67 65 61 50 47 43 39 39 35 35 34 34 33 33 30 27 27 
20 21 22 25 30 36 36 36 42 42 42 50 53 58 65 66 68 70 77 82 83 89 90 94 105 106 108 117 123 124 124 125 127 127 128 128 141 142 
1432 10
194 190 172 170 165 73 63 60 48 31 
34 47 90 130 132 133 137 139 142 144 
1829 54
190 183 182 182 179 178 176 173 167 166 164 156 155 153 151 147 145 144 139 138 128 123 119 119 119 117 117 117 116 112 112 112 107 105 103 97 92 90 87 82 79 69 68 61 60 56 56 55 54 51 47 45 45 40 
21 22 23 25 26 26 28 32 35 35 39 40 41 41 45 47 47 49 54 54 56 61 61 68 68 73 74 78 89 91 92 99 99 100 100 102 103 104 105 107 109 113 118 119 123 123 124 126 128 136 137 138 138 140 
3854 19
191 190 165 141 140 133 117 112 97 96 88 83 74 65 50 46 32 27 24 
22 23 31 41 51 70 72 79 82 97 106 110 113 118 124 136 140 143 143 
6894 42
193 189 189 186 175 170 170 165 160 156 147 145 145 145 137 133 130 129 118 115 110 110 107 98 94 87 85 84 68 67 59 59 56 49 49 43 41 39 33 29 27 27 
20 24 24 30 31 32 39 41 53 53 53 57 60 61 63 63 67 67 67 68 72 75 78 83 83 90 95 96 100 103 104 107 107 108 108 111 115 115 119 122 123 123 
1114 38
192 191 191 184 181 177 170 169 167 164 156 150 132 114 108 106 106 101 98 95 86 86 77 77 71 65 64 63 55 53 51 49 46 36 35 32 30 20 
20 24 25 27 33 34 34 34 36 36 48 53 54 57 58 59 63 64 65 69 69 71 74 76 83 88 90 92 98 103 103 107 124 127 129 136 138 140 
3157 46
194 194 189 175 174 173 167 165 165 164 158 156 155 154 146 120 113 99 96 93 91 90 89 89 85 78 72 70 67 62 60 54 54 54 49 47 42 35 34 30 29 28 25 21 21 20 
22 29 29 31 32 39 40 41 41 42 46 47 49 49 49 55 61 63 67 71 72 75 78 81 82 83 83 84 89 91 92 98 98 100 101 103 114 119 120 123 125 126 132 133 138 138 
3383 38
194 191 187 185 180 179 178 178 176 153 152 145 145 142 141 135 133 130 129 129 126 124 122 108 104 85 84 78 75 65 64 63 60 57 40 34 22 22 
21 26 34 37 38 39 41 44 46 53 64 72 75 79 81 84 89 89 90 97 103 105 112 112 112 115 115 116 116 119 120 123 134 135 138 139 140 144 
