600
3918 12
18 14 13 11 11 11 10 9 8 8 7 6 
1 3 6 6 7 7 11 15 20 23 24 25 
7069 14
20 20 18 17 17 16 8 7 5 5 5 4 2 1 
3 3 6 7 8 11 12 14 14 14 22 24 24 24 
1680 9
17 16 16 9 9 8 5 4 2 
3 6 7 9 10 13 17 18 20 
4976 12
19 19 18 12 11 11 10 9 6 5 3 1 
1 3 7 8 10 12 14 18 20 23 23 25 
886 12
20 17 14 13 13 10 8 8 7 7 7 7 
3 4 5 6 8 12 18 18 18 18 21 23 
2327 6
18 17 15 10 9 3 
1 7 10 19 20 25 
1764 11
19 19 14 14 12 7 7 7 5 3 2 
2 3 6 7 8 9 10 11 18 20 25 
6683 10
17 15 15 13 13 11 10 9 4 1 
2 2 2 3 6 15 18 19 20 21 
630 9
20 20 16 11 10 7 4 1 1 
2 6 6 11 15 17 19 21 22 
3252 19
20 18 18 16 15 15 15 15 8 8 8 7 7 6 4 4 4 1 1 
3 3 4 6 7 9 11 13 16 16 18 18 19 19 21 22 23 24 25 
6697 16
20 19 18 16 16 15 14 12 11 10 10 7 7 3 2 1 
1 2 3 5 6 11 12 13 13 14 14 15 16 18 22 23 
3473 19
19 19 18 18 17 17 15 14 13 13 12 11 9 8 8 7 6 6 5 
2 3 4 5 5 7 7 8 9 9 11 13 19 23 23 24 24 24 24 
2544 11
16 14 13 13 11 9 6 6 2 2 1 
2 4 7 7 8 10 12 14 14 22 24 
6259 7
19 17 17 14 12 5 3 
1 4 5 7 15 16 25 
3302 11
17 15 14 12 12 10 8 6 4 3 1 
1 3 10 12 14 16 16 17 17 18 20 
6889 14
17 17 17 16 14 12 12 12 8 8 6 5 5 4 
5 7 7 11 11 12 12 13 15 16 17 20 20 21 
830 10
17 16 10 9 7 4 4 4 3 1 
2 7 9 10 11 12 17 20 20 24 
2059 8
19 18 14 11 10 9 9 1 
8 8 10 11 14 15 16 23 
715 14
20 19 17 16 16 13 11 11 10 7 4 1 1 1 
1 4 5 5 5 7 11 12 17 19 20 20 23 25 
6761 18
20 16 15 15 14 14 13 12 9 8 6 4 4 3 3 2 1 1 
1 2 5 5 6 10 10 12 12 13 14 14 14 14 18 19 20 24 
1609 6
18 17 13 9 5 4 
1 1 7 12 18 20 
2553 7
17 12 12 11 11 10 8 
2 10 15 17 22 22 25 
5823 16
20 19 19 18 18 13 12 11 9 8 6 6 5 3 1 1 
1 3 4 4 4 6 8 8 9 10 13 15 16 16 22 23 
5693 17
20 20 20 18 17 16 16 13 13 11 11 7 6 3 2 1 1 
3 4 5 6 6 7 7 12 13 15 16 17 17 18 22 23 25 
3471 15
20 18 16 16 16 16 14 11 10 6 4 3 2 2 2 
4 6 6 7 8 9 10 12 13 15 17 19 21 24 25 
5185 7
14 14 14 11 10 6 5 
4 6 7 13 15 16 23 
7207 15
20 20 19 18 17 15 12 9 9 7 3 3 3 2 1 
1 3 5 5 8 11 11 13 13 13 20 21 23 23 25 
744 7
20 14 14 9 6 6 5 
4 5 7 10 10 10 25 
1908 14
20 19 17 15 15 14 12 11 11 9 7 6 6 5 
2 4 4 4 4 7 7 11 13 14 17 17 22 25 
1192 9
18 18 17 17 16 16 9 7 7 
3 4 4 8 13 15 16 19 20 
1507 6
18 13 10 10 9 2 
1 2 17 18 22 23 
6903 11
19 17 16 15 14 11 11 8 5 4 1 
5 5 6 6 6 9 11 11 13 20 24 
312 5
18 6 5 5 4 
9 11 13 17 22 
3529 6
18 18 18 16 15 7 
6 7 7 12 19 19 
5355 15
18 18 16 16 14 14 13 12 12 10 9 8 6 3 2 
5 5 6 6 6 6 15 15 15 16 17 18 20 23 25 
7105 8
15 15 9 8 6 4 2 2 
11 13 13 16 20 21 24 25 
3016 5
19 17 13 8 7 
5 8 19 20 21 
3818 10
20 20 17 16 15 14 11 7 7 3 
1 17 18 20 21 21 22 23 24 25 
313 12
18 18 16 16 15 8 7 6 6 5 3 1 
1 1 1 6 9 11 13 17 19 24 24 25 
2819 18
19 17 16 15 15 15 13 13 11 11 10 9 8 8 7 2 1 1 
5 7 9 9 9 11 12 12 14 15 17 18 19 20 22 24 24 25 
7262 19
19 18 16 16 16 14 12 12 11 10 9 8 8 8 5 3 2 1 1 
1 2 2 4 4 9 10 10 12 14 15 16 17 17 17 17 21 23 24 
618 14
19 19 19 19 18 17 12 8 7 6 6 6 2 2 
3 4 7 7 8 9 12 13 14 18 18 19 21 21 
2532 19
20 19 18 18 16 15 14 14 13 12 11 11 10 10 10 9 6 4 2 
1 1 4 5 6 6 8 9 10 11 15 17 18 19 19 21 22 22 24 
5682 12
20 20 19 19 19 13 7 7 4 4 4 3 
4 7 9 12 13 14 17 18 22 23 25 25 
3213 7
19 19 14 13 10 5 3 
1 3 11 14 19 25 25 
1428 8
20 19 17 13 11 6 5 1 
5 8 8 9 10 19 20 21 
4235 18
20 19 15 15 13 13 10 10 8 8 7 6 4 4 2 2 2 1 
2 2 4 4 6 6 7 10 10 12 15 16 17 18 20 23 25 25 
4987 16
20 18 18 17 17 16 15 15 14 12 11 6 6 5 2 2 
2 8 8 11 11 11 14 14 17 17 17 18 21 23 23 25 
4544 17
20 20 19 18 16 15 13 9 7 7 6 6 5 3 2 1 1 
2 2 4 4 6 8 11 13 14 15 19 21 22 23 23 24 24 
4617 15
18 17 17 13 13 12 11 9 9 7 6 5 3 1 1 
1 1 6 6 8 11 11 12 13 17 20 22 24 24 25 
2276 17
20 19 17 15 15 13 11 10 9 9 7 5 4 4 3 2 2 
3 4 6 9 10 10 12 13 14 16 17 18 20 20 23 24 24 
3775 8
19 19 19 13 11 10 7 6 
7 8 8 12 14 17 21 22 
6943 12
20 18 17 12 12 10 10 8 8 6 5 4 
1 3 5 8 10 20 21 22 22 25 25 25 
1997 6
16 10 7 7 4 3 
4 4 4 8 13 24 
987 7
16 15 14 11 7 6 3 
8 9 12 13 22 24 25 
7137 7
20 17 7 6 5 4 2 
4 4 6 13 18 19 23 
4255 16
19 18 16 15 15 15 14 14 13 12 12 12 12 11 8 1 
1 3 4 4 5 8 9 11 11 14 17 17 19 22 22 22 
3275 16
18 17 16 15 14 14 12 12 9 5 4 4 3 3 1 1 
1 3 4 4 7 9 10 10 11 11 12 12 16 18 20 24 
6888 7
18 18 16 8 7 1 1 
5 9 10 14 15 20 22 
3196 6
17 11 11 8 6 1 
2 2 4 17 20 23 
2204 6
19 14 10 6 6 4 
11 15 21 23 23 25 
4784 19
19 17 16 16 12 12 11 9 6 5 5 4 4 4 4 4 3 2 2 
4 4 5 7 7 7 8 8 11 11 12 13 14 14 14 17 20 21 24 
3801 7
20 18 16 15 13 5 2 
1 8 8 12 13 18 19 
552 16
20 18 17 16 16 12 11 11 10 8 8 7 7 6 3 3 
4 5 8 9 9 13 13 16 18 19 20 20 22 22 23 24 
5435 18
20 18 18 17 17 15 15 13 12 10 8 7 6 6 2 2 1 1 
1 1 3 3 6 7 7 9 10 13 18 19 19 19 20 24 24 25 
6463 12
20 20 19 15 14 13 8 8 7 2 2 1 
1 1 7 10 10 11 13 14 17 19 23 24 
1524 19
17 17 16 16 16 13 11 11 11 10 10 10 10 9 7 6 5 2 1 
1 1 3 4 8 8 8 8 10 11 12 13 14 14 22 22 22 23 24 
4832 7
17 17 17 9 9 8 7 
3 5 9 19 20 23 23 
915 16
17 16 15 15 14 14 14 12 11 11 10 6 2 1 1 1 
3 3 4 7 8 9 10 10 11 14 14 14 20 20 21 22 
1121 16
19 19 19 17 16 16 10 9 9 8 6 5 5 4 4 2 
2 5 6 7 9 10 11 13 14 15 16 20 21 23 25 25 
5260 15
17 16 16 15 14 14 13 12 12 3 3 3 2 1 1 
1 8 10 12 12 15 18 18 18 20 21 22 23 23 24 
1139 12
19 18 15 14 10 10 8 7 6 6 4 1 
2 3 10 11 11 14 17 18 19 19 24 25 
906 6
13 12 6 5 4 4 
3 6 9 17 22 24 
4922 18
20 18 17 15 14 13 13 11 10 9 8 7 5 5 4 4 3 1 
1 4 7 9 12 12 12 13 14 14 14 15 16 17 18 24 24 25 
638 16
20 17 15 15 14 14 14 13 13 13 11 7 7 4 2 1 
4 6 6 7 8 9 9 10 11 18 19 20 22 24 25 25 
2939 13
20 19 18 14 12 11 10 9 8 8 8 4 3 
5 5 10 12 20 20 21 21 21 22 23 23 25 
7214 14
16 14 11 11 10 9 6 6 5 4 3 3 2 2 
3 4 7 7 7 9 10 10 11 12 13 20 20 21 
4237 7
16 16 16 12 7 5 1 
1 3 3 6 17 23 25 
1731 10
19 15 14 11 11 10 5 4 4 2 
1 1 2 2 9 9 18 18 18 22 
4350 10
19 18 17 16 14 14 8 6 4 3 
2 3 5 10 12 16 17 22 23 25 
1352 7
19 17 17 12 8 5 2 
4 6 7 7 14 14 18 
4728 7
19 17 11 10 3 3 3 
1 2 9 9 10 16 25 
5655 19
20 19 19 17 14 14 11 11 11 10 9 9 9 8 7 4 3 1 1 
2 3 3 4 5 6 6 6 8 8 8 8 11 11 14 18 20 24 25 
653 11
20 20 16 14 12 10 10 10 3 3 2 
1 2 4 4 7 8 9 20 22 23 24 
2355 10
19 18 16 15 15 8 7 5 3 3 
2 10 11 12 15 17 18 21 23 25 
6811 18
19 18 18 17 16 15 14 12 11 10 9 9 6 5 4 4 2 1 
1 3 4 4 5 5 11 13 14 16 16 18 18 22 22 23 23 25 
6774 9
20 19 17 14 13 13 8 5 4 
8 8 13 13 14 16 23 23 25 
3524 9
19 14 12 10 10 9 8 6 6 
10 10 11 13 14 15 17 18 25 
6104 16
20 19 16 15 15 12 12 10 10 6 5 3 3 3 2 2 
1 2 3 5 6 7 11 14 14 17 17 19 20 21 21 23 
5068 6
18 16 16 15 8 3 
3 4 15 16 20 21 
6611 17
20 19 16 15 15 15 12 11 10 8 7 7 6 3 3 1 1 
2 4 4 5 11 11 12 12 15 16 17 19 23 25 25 25 25 
1499 19
19 19 18 17 17 17 15 15 13 13 12 12 7 6 6 4 4 4 2 
2 4 4 4 4 7 8 9 10 10 11 17 17 17 18 20 21 22 24 
6184 10
16 15 14 14 12 11 2 1 1 1 
2 5 6 6 11 11 12 14 18 23 
866 6
18 17 8 4 1 1 
1 1 2 2 3 10 
4159 14
20 20 19 19 18 14 10 7 6 6 5 5 4 2 
4 4 6 7 8 10 11 13 13 14 15 18 18 18 
2940 18
20 20 20 18 16 15 15 15 13 13 13 11 11 9 8 8 3 2 
2 3 4 8 9 10 11 11 12 13 15 16 16 18 18 21 23 24 
4885 5
13 11 11 9 7 
1 7 21 24 25 
1010 15
19 15 14 13 13 13 12 12 10 8 8 5 4 2 1 
1 1 1 7 8 8 9 11 12 16 18 19 20 20 24 
2673 19
19 19 17 17 17 16 14 13 11 11 8 8 8 6 5 5 3 2 2 
3 4 5 6 6 7 7 8 8 10 13 15 16 18 19 20 20 24 25 
1242 11
19 17 16 16 14 13 9 8 7 7 3 
5 7 8 8 9 9 11 12 15 15 18 
2657 18
18 18 16 15 15 14 12 11 11 10 9 8 7 5 5 3 1 1 
1 2 4 4 5 6 7 8 10 10 10 13 13 14 14 23 23 24 
1784 18
20 19 19 19 18 13 12 11 11 10 9 9 8 8 6 6 3 1 
1 1 3 8 9 11 12 16 17 18 18 18 19 20 20 21 23 25 
2966 11
18 18 14 14 13 13 9 8 7 3 2 
3 3 4 7 9 10 14 16 18 20 20 
3284 17
20 20 16 15 14 13 12 10 9 8 6 6 6 5 2 1 1 
1 3 3 3 6 8 12 13 15 15 17 17 20 20 21 24 25 
1529 5
17 13 4 3 3 
4 7 10 13 24 
3731 8
19 17 10 9 8 6 4 3 
6 8 11 13 14 15 19 21 
4566 15
20 19 19 17 14 13 11 11 11 10 7 5 5 3 1 
1 4 4 8 9 9 11 12 17 18 18 22 23 24 25 
5386 19
19 18 16 16 14 14 12 12 10 10 9 7 4 4 4 3 2 2 1 
6 6 6 8 9 10 12 14 14 15 15 18 19 21 22 22 23 23 25 
744 14
20 15 15 14 14 13 8 7 7 7 4 2 2 2 
1 1 5 9 9 14 14 14 18 19 20 21 23 25 
1806 8
17 15 13 12 7 5 1 1 
3 7 7 19 19 22 22 24 
6118 13
19 19 18 16 15 12 10 6 5 5 4 4 2 
4 8 13 14 15 15 19 20 20 21 21 22 25 
3597 8
18 18 16 16 13 8 5 3 
2 2 12 13 15 19 23 23 
494 19
20 20 19 18 16 15 14 14 11 9 8 8 8 7 5 5 3 2 1 
1 2 3 6 7 8 10 11 11 12 13 15 18 20 21 21 22 24 25 
6421 12
20 15 13 11 10 10 8 6 5 4 4 1 
1 1 7 7 7 8 9 12 18 20 23 25 
1750 6
19 16 13 13 11 9 
1 10 11 12 14 23 
2732 10
20 10 10 9 8 7 6 5 1 1 
3 3 4 5 11 15 20 20 22 22 
4531 12
20 20 18 13 10 9 9 4 4 4 2 2 
1 2 2 3 5 8 12 12 12 20 21 21 
4543 18
19 17 13 13 13 13 11 10 9 9 8 7 7 7 6 3 3 2 
3 3 5 6 7 8 8 10 11 13 14 17 18 20 22 23 23 23 
2915 9
19 16 16 14 13 11 11 6 3 
1 8 10 11 15 16 23 23 25 
2657 9
18 17 14 12 11 7 6 3 1 
6 10 14 16 16 23 23 24 25 
4302 14
17 15 13 11 11 9 8 6 6 6 5 4 4 2 
2 3 4 4 5 6 9 11 12 13 13 19 21 25 
1614 9
16 15 15 11 10 7 5 5 3 
4 9 11 13 17 17 18 19 23 
2273 19
20 20 19 19 18 17 15 15 13 13 12 11 10 9 7 3 2 2 2 
1 2 3 3 3 6 7 9 9 11 12 13 14 15 16 17 18 23 25 
5927 13
20 19 19 17 15 14 13 12 9 7 6 4 2 
1 1 3 4 5 6 7 7 12 13 15 21 25 
6725 18
19 19 19 17 16 15 14 13 11 11 9 9 8 7 7 7 6 3 
1 1 4 7 9 13 13 18 21 21 21 22 22 22 24 24 25 25 
2779 9
20 17 16 15 13 11 7 7 6 
2 5 10 13 14 23 23 24 25 
3538 11
16 15 13 12 10 10 7 6 6 5 5 
2 3 6 12 12 16 16 18 19 22 23 
6818 5
12 11 10 10 2 
3 3 21 22 23 
3159 8
17 14 13 12 12 9 6 3 
5 11 11 11 14 15 15 17 
5736 11
18 15 15 14 12 12 11 10 9 6 2 
3 6 6 8 10 15 16 19 21 22 25 
5516 6
19 15 11 4 2 1 
4 7 13 16 21 24 
5113 5
8 5 5 2 1 
6 10 16 24 24 
2204 17
19 18 18 14 14 12 10 10 8 7 6 6 6 6 4 4 2 
1 2 3 4 7 7 10 11 11 14 14 14 15 17 18 21 23 
5136 8
17 16 14 14 10 9 5 3 
3 4 5 6 7 10 20 24 
2781 17
20 19 18 17 16 14 13 9 8 8 5 5 5 4 4 4 1 
1 2 2 2 6 10 11 11 12 13 13 13 14 15 16 16 24 
3752 6
20 20 19 14 10 4 
1 2 2 9 14 24 
6728 13
19 17 16 15 14 9 5 4 4 2 2 1 1 
1 3 7 11 12 16 19 21 21 21 24 25 25 
2089 15
20 19 17 16 15 11 11 9 8 8 5 2 2 2 2 
1 1 2 5 5 11 11 13 13 17 19 21 22 23 23 
2500 16
20 18 17 15 15 13 13 13 13 10 9 9 5 5 3 1 
3 3 4 7 10 11 11 17 20 21 22 22 23 23 24 25 
4898 8
18 15 15 15 11 11 7 6 
5 5 7 13 18 19 20 23 
5096 12
18 15 15 15 14 12 8 6 6 5 3 3 
2 2 6 7 9 10 16 17 18 22 23 24 
3044 18
20 20 19 16 15 12 11 9 9 8 7 6 3 3 2 2 1 1 
1 2 4 4 5 7 8 9 11 11 16 16 16 19 20 20 21 23 
1690 18
19 17 16 12 12 10 9 9 7 5 5 5 5 4 3 3 2 2 
3 3 4 5 7 10 11 12 15 16 17 18 18 20 22 22 22 25 
4578 5
14 14 10 10 1 
1 2 7 14 25 
1349 6
19 12 11 11 10 7 
1 7 7 15 20 22 
4585 6
17 15 14 11 4 4 
8 13 16 17 24 25 
953 7
15 15 14 13 12 7 1 
7 8 9 14 15 17 21 
7192 6
20 17 16 12 11 8 
1 10 12 15 17 24 
7252 9
20 16 13 11 10 8 5 5 3 
8 14 15 17 20 23 23 25 25 
1989 10
16 16 15 12 12 10 8 5 5 1 
1 6 9 12 16 20 20 21 22 22 
714 12
20 20 18 18 16 16 15 15 7 6 4 1 
5 6 6 9 11 14 14 15 19 23 24 25 
1250 6
17 16 12 7 4 1 
6 12 15 16 21 23 
4980 5
19 16 9 5 3 
13 15 16 20 21 
425 5
16 9 4 3 3 
1 4 5 12 20 
320 10
18 15 14 13 11 7 6 2 2 2 
3 5 9 10 14 14 18 22 24 25 
2659 16
19 18 18 17 17 12 12 10 9 8 6 5 4 3 1 1 
1 5 5 6 6 10 10 13 15 16 17 18 21 22 22 25 
1429 11
17 17 16 15 13 12 6 5 4 3 1 
1 3 5 9 11 11 15 16 19 21 23 
2656 15
19 19 19 17 15 14 12 11 11 10 10 8 7 5 5 
1 1 3 3 7 8 9 11 14 15 17 18 18 22 22 
1520 18
19 18 16 15 14 12 12 7 6 6 5 5 3 3 3 3 2 2 
4 6 8 9 9 10 11 13 13 14 15 16 16 16 19 20 20 21 
3746 14
17 17 15 14 14 13 13 13 12 12 10 9 6 4 
1 3 5 8 11 13 17 18 21 22 23 24 25 25 
1272 10
20 18 18 16 15 13 12 6 1 1 
1 2 5 10 14 14 16 17 17 20 
5616 16
20 18 17 16 15 14 13 11 9 7 6 4 4 3 1 1 
2 3 5 12 14 16 17 18 18 19 19 20 20 24 25 25 
315 9
20 19 17 17 11 6 6 4 3 
4 7 12 15 15 18 19 21 25 
966 7
19 18 14 14 12 8 4 
10 13 14 16 17 21 22 
2998 8
18 16 16 9 8 7 4 4 
6 7 13 14 14 15 16 25 
2794 8
20 11 10 10 10 9 6 4 
5 7 9 11 12 17 18 24 
1615 7
19 15 13 11 5 3 2 
4 11 16 20 21 22 25 
3201 7
18 15 13 12 11 9 7 
2 3 4 11 20 24 25 
5651 19
19 18 18 17 14 13 12 11 10 9 9 9 8 6 6 6 5 2 2 
1 3 3 4 5 5 6 7 9 12 12 16 18 18 18 19 19 21 21 
1457 16
19 18 18 17 15 11 10 9 8 8 7 6 4 3 2 1 
3 5 6 7 10 11 11 11 12 13 14 15 17 18 23 25 
1068 15
20 20 19 18 15 13 12 9 8 7 7 7 7 5 3 
3 3 4 5 5 10 13 13 17 17 18 20 22 22 24 
5567 16
20 19 18 17 17 11 10 9 9 7 7 5 5 5 5 3 
1 2 3 4 6 8 13 13 15 18 19 19 20 21 23 25 
5785 18
20 20 19 16 16 16 14 14 13 12 11 11 9 7 6 5 2 1 
1 2 3 5 6 7 8 8 8 10 14 14 16 16 18 19 23 24 
337 16
20 19 18 17 17 13 13 12 11 11 10 10 8 4 4 3 
2 2 7 8 8 8 11 13 14 15 16 17 20 23 24 25 
6334 16
20 20 17 16 14 13 12 12 12 11 7 6 5 5 3 1 
2 5 11 11 12 12 12 13 14 14 15 15 16 18 20 22 
520 12
19 14 14 13 12 10 9 9 8 6 1 1 
1 1 6 9 13 13 14 17 19 20 22 25 
7260 14
19 14 11 10 9 8 6 6 6 4 2 2 1 1 
2 6 8 10 11 14 16 17 19 20 21 22 24 25 
6108 15
20 18 17 16 14 14 13 13 12 10 9 5 5 4 2 
1 1 1 2 2 4 8 8 13 16 16 18 23 24 24 
5386 17
20 20 19 18 18 17 16 16 14 12 8 7 6 6 3 1 1 
3 5 7 9 9 10 12 17 18 18 19 19 19 20 21 21 23 
2151 5
18 17 3 1 1 
2 4 6 17 23 
1350 8
20 19 17 16 7 7 5 4 
5 5 7 11 13 19 20 25 
1179 10
20 15 14 9 5 4 4 3 2 1 
3 6 8 9 10 12 16 22 22 24 
5485 11
19 16 13 13 10 10 6 5 5 4 4 
4 4 9 13 15 15 16 16 17 22 24 
769 15
16 16 14 14 14 13 10 9 8 7 7 5 4 2 1 
1 1 3 4 5 8 10 11 15 17 18 20 22 23 24 
444 19
20 18 17 17 16 10 9 9 8 7 7 5 4 4 4 3 2 1 1 
1 3 3 4 4 5 9 9 11 11 13 13 14 15 17 17 20 22 24 
2842 18
20 20 19 18 15 15 15 14 12 10 10 10 5 4 4 3 2 1 
2 5 6 6 8 11 11 11 12 14 15 18 19 22 23 23 23 25 
3417 15
18 15 14 13 13 13 11 11 8 5 4 4 4 4 4 
2 2 6 7 7 9 12 13 15 16 18 20 21 22 25 
2800 10
18 15 14 13 13 10 10 7 5 3 
2 5 9 11 12 13 15 16 23 23 
4762 19
19 18 16 16 15 14 14 12 11 11 11 9 7 7 7 6 4 2 1 
1 2 5 7 8 9 9 12 13 13 13 14 16 16 18 20 21 22 22 
2418 19
19 18 18 16 16 16 14 14 12 11 10 9 8 8 7 3 2 1 1 
3 3 5 5 5 8 9 9 9 10 12 15 18 18 20 21 22 22 23 
1998 6
18 15 14 11 7 4 
4 7 16 19 21 22 
3645 17
20 17 16 15 14 14 12 11 11 10 10 9 8 7 6 5 2 
1 2 7 9 10 11 12 14 15 18 18 19 19 19 23 23 24 
4160 9
20 20 19 18 15 15 15 12 8 
1 10 10 13 13 13 13 18 20 
328 17
20 19 17 17 17 16 16 14 14 13 11 11 10 9 8 7 2 
1 2 3 4 6 6 7 11 12 14 15 17 18 20 25 25 25 
2658 10
19 18 14 14 10 8 6 2 2 1 
13 16 16 18 18 18 19 22 23 24 
1869 8
18 18 12 11 10 6 5 2 
5 10 12 14 14 15 17 24 
2357 6
19 19 17 12 10 3 
4 11 13 14 16 17 
4215 14
19 14 11 11 11 11 10 10 9 8 6 4 2 1 
2 2 3 7 9 11 11 13 13 13 14 20 24 25 
1343 8
19 19 15 13 13 9 4 1 
1 1 2 10 10 16 16 21 
5732 12
18 16 15 12 11 9 8 7 6 5 4 1 
3 8 9 11 13 14 14 15 16 19 21 24 
1057 19
19 19 19 18 18 18 18 17 14 14 13 11 9 4 4 3 3 3 2 
1 1 2 3 4 5 5 6 7 9 9 10 11 12 12 17 19 24 24 
2375 8
18 17 16 15 14 14 12 3 
6 8 10 11 14 16 20 22 
3278 12
20 17 15 14 14 13 11 9 8 5 4 1 
1 2 3 4 6 6 12 16 16 18 22 25 
3204 11
19 18 18 17 16 15 14 12 8 7 1 
1 1 6 9 17 18 24 25 25 25 25 
6534 15
20 19 19 16 14 8 8 7 6 6 5 4 3 3 1 
2 8 8 10 12 12 13 15 16 17 19 21 22 23 24 
2396 14
20 20 16 16 14 14 13 10 9 6 5 3 3 1 
1 2 2 5 6 10 10 12 13 14 21 21 22 22 
7270 19
19 18 18 17 17 16 14 13 13 13 12 11 7 7 6 5 2 2 1 
5 8 8 8 10 10 12 13 13 14 14 16 18 19 20 20 24 24 25 
4095 7
20 19 18 13 12 5 2 
5 7 11 15 20 24 25 
2606 6
20 19 18 14 13 1 
3 4 14 18 20 24 
5218 5
19 16 4 4 1 
4 16 18 23 25 
5107 15
20 17 16 15 15 15 9 9 8 7 7 4 2 2 2 
1 5 6 7 11 14 14 14 18 18 18 19 20 25 25 
2292 16
20 20 20 14 12 12 11 9 9 6 5 5 5 4 4 1 
1 6 7 7 9 9 9 10 11 14 18 18 20 20 21 24 
6507 9
20 18 17 11 11 10 7 7 6 
1 4 8 14 18 18 19 23 25 
5624 11
18 17 17 16 14 13 13 12 8 1 1 
12 12 16 18 19 19 19 20 23 24 25 
524 13
20 17 16 16 15 14 14 11 10 9 7 2 1 
1 1 6 7 7 8 14 17 19 19 19 20 24 
2205 11
19 18 16 16 16 14 12 12 8 5 2 
3 4 4 7 7 12 13 13 16 20 25 
6657 5
12 6 6 4 2 
3 7 9 13 15 
4369 12
20 18 17 17 15 13 12 9 8 7 7 4 
1 2 5 8 10 11 15 17 18 20 24 25 
2996 10
18 17 16 15 15 14 5 3 2 1 
8 9 10 12 14 15 15 19 19 23 
1299 9
19 16 15 12 9 8 8 8 1 
4 4 7 12 13 24 25 25 25 
3359 14
19 18 17 14 13 12 11 9 9 9 7 7 6 3 
4 5 9 11 13 15 18 19 19 21 22 22 23 25 
6607 18
20 17 17 15 14 14 13 12 11 10 9 6 5 4 3 3 3 3 
1 1 2 5 7 8 9 13 14 15 16 16 19 20 24 24 24 24 
1213 18
20 19 18 18 18 15 12 11 10 9 8 8 7 7 6 6 3 3 
2 3 4 4 5 5 5 8 9 11 13 15 15 17 18 18 24 25 
4007 19
20 20 17 15 15 14 13 11 9 8 7 6 5 4 4 4 3 1 1 
2 4 7 7 7 8 8 9 11 13 13 14 14 16 19 20 21 22 25 
5474 6
19 18 16 8 6 2 
1 3 13 13 17 18 
2685 18
20 20 19 17 17 12 10 9 9 8 7 6 5 4 3 3 3 1 
2 3 3 4 5 7 8 9 9 9 13 15 18 18 21 22 23 24 
1494 14
20 20 19 19 18 16 13 12 12 8 4 4 4 3 
2 2 5 6 6 11 12 12 15 18 18 21 25 25 
6914 7
15 10 6 5 4 4 1 
1 6 12 16 17 20 22 
3154 13
20 19 15 13 13 11 9 4 4 4 3 3 3 
1 1 4 6 8 9 9 10 15 16 18 19 21 
5438 16
20 19 19 17 17 16 14 14 13 13 12 9 8 6 3 3 
4 6 7 8 8 10 11 13 14 15 20 20 23 23 24 24 
1853 18
20 19 18 18 17 16 14 14 12 11 10 7 6 6 6 5 2 1 
1 2 3 8 11 13 13 13 15 15 16 16 18 19 19 25 25 25 
6005 12
19 18 18 18 15 13 12 8 7 7 5 3 
3 5 10 10 11 16 16 16 18 19 19 20 
3600 9
16 15 14 12 10 9 3 3 2 
2 3 6 7 10 17 20 22 23 
5732 16
20 18 15 13 13 13 10 9 9 7 6 6 5 4 2 1 
2 3 4 5 6 7 8 9 16 17 18 18 20 21 23 25 
4974 13
16 16 14 14 13 13 12 12 10 9 6 3 3 
1 3 4 5 7 7 9 10 10 14 17 21 22 
6544 6
17 17 14 8 7 3 
5 7 8 14 15 22 
1586 14
20 20 16 15 14 11 11 11 10 8 8 6 3 2 
1 1 1 2 10 11 11 11 14 14 16 20 24 25 
934 14
20 19 19 17 14 13 13 11 11 11 8 7 3 1 
1 4 7 9 12 12 13 17 18 18 23 23 25 25 
4950 5
14 10 9 8 2 
4 8 10 21 21 
6659 16
20 20 15 14 13 12 11 11 9 9 9 7 7 6 6 5 
1 1 3 4 6 7 7 10 11 12 13 14 15 16 17 21 
2022 7
19 17 16 15 13 11 6 
7 12 12 14 17 20 21 
5979 7
19 17 17 17 15 12 7 
2 10 10 14 23 23 24 
3754 12
19 19 17 15 13 12 11 10 9 5 4 1 
2 2 4 6 7 8 9 9 9 14 16 22 
515 14
20 16 16 15 13 13 12 9 9 8 8 6 5 3 
4 4 4 8 11 13 14 16 16 20 21 21 22 25 
3087 16
20 16 16 15 14 13 13 13 12 8 6 6 5 5 2 1 
1 3 6 7 7 10 11 14 15 19 20 21 21 23 24 25 
4807 7
19 13 13 13 10 8 3 
7 12 14 15 17 19 23 
6458 15
20 19 17 17 14 14 14 14 11 8 5 3 2 2 1 
1 1 2 4 5 5 7 9 10 11 12 13 23 24 25 
6167 19
20 16 15 14 14 13 12 11 11 10 5 5 4 4 4 3 2 2 2 
1 1 1 4 4 6 6 7 7 7 8 10 11 14 16 17 18 20 23 
2916 13
20 20 18 18 16 14 14 12 11 8 5 4 3 
1 2 2 5 5 8 9 11 11 12 13 14 22 
2182 18
20 19 16 16 15 13 13 12 12 11 10 9 7 5 5 4 4 2 
1 2 3 3 9 11 12 13 13 13 18 19 21 22 22 22 23 24 
2487 8
20 16 15 13 12 6 5 1 
3 3 8 11 14 15 21 25 
401 16
19 18 18 14 14 11 11 11 8 5 5 5 4 4 2 1 
1 4 4 5 5 5 7 7 8 11 12 17 18 22 24 25 
3054 9
19 18 15 14 13 10 7 6 5 
3 5 8 12 13 16 16 18 24 
6533 14
20 20 20 15 15 15 12 11 8 7 4 2 2 1 
1 4 4 5 5 6 6 9 10 12 12 15 19 20 
4141 6
10 10 10 8 7 6 
3 3 8 10 13 24 
363 18
20 19 19 16 14 14 13 11 10 10 8 8 8 7 4 2 2 1 
1 2 2 2 3 4 5 6 9 10 10 12 13 17 19 20 20 21 
7048 17
20 18 18 18 17 15 15 14 13 13 13 10 8 5 4 2 1 
2 2 2 5 8 10 10 11 11 12 13 14 16 17 19 20 24 
3743 17
20 19 19 18 18 17 17 17 16 14 11 11 11 8 8 6 1 
1 2 6 7 8 12 17 19 19 19 20 21 21 22 22 23 25 
7068 14
17 14 13 12 9 9 7 7 5 5 3 3 2 1 
2 5 6 10 10 11 15 15 15 17 17 18 20 22 
4557 15
20 15 14 14 14 13 11 11 10 10 9 5 2 1 1 
3 3 4 4 5 6 7 9 9 13 17 20 22 23 25 
4969 5
19 10 8 4 3 
2 7 14 14 16 
5146 18
19 18 17 15 15 14 14 13 13 12 9 8 8 8 6 5 1 1 
1 3 4 7 8 8 9 11 12 13 15 16 19 19 22 23 23 24 
3239 14
18 17 16 13 12 11 10 9 9 8 7 6 5 3 
3 4 4 5 8 9 10 10 12 14 15 20 20 25 
4870 17
19 19 17 17 15 15 15 14 14 13 13 12 10 7 6 3 1 
2 3 6 7 7 8 9 9 9 11 15 16 20 21 21 23 24 
4153 18
20 19 18 18 17 15 14 14 13 13 13 11 10 8 8 4 3 1 
3 3 4 4 7 8 8 9 11 14 16 17 17 19 20 22 22 25 
1612 14
20 18 18 16 16 16 15 14 14 13 12 3 2 1 
1 4 4 6 7 7 7 11 16 18 20 21 24 24 
3127 13
19 19 18 15 12 10 9 9 6 6 2 2 1 
3 3 4 7 8 9 16 16 18 22 23 23 23 
6843 10
15 13 11 10 9 5 4 2 2 1 
9 11 17 18 18 20 22 23 24 24 
6245 12
18 17 16 16 15 14 10 9 8 1 1 1 
1 5 13 13 14 14 15 19 19 19 21 23 
3989 7
15 13 10 6 5 5 5 
4 11 13 15 15 18 22 
742 10
19 14 13 11 8 7 7 5 2 2 
1 3 3 4 6 11 13 18 21 22 
826 13
20 18 18 16 16 15 12 9 9 8 4 4 2 
1 2 9 10 10 12 13 13 16 19 22 23 24 
2101 16
19 17 15 14 13 13 13 12 12 12 4 4 4 3 2 1 
1 2 6 7 8 11 13 13 14 14 19 21 24 25 25 25 
6305 11
20 19 18 13 12 10 7 5 5 4 2 
1 2 4 5 8 20 21 21 24 25 25 
363 16
17 17 13 9 8 7 7 6 6 5 5 4 3 3 1 1 
2 2 3 4 6 7 8 8 9 12 14 17 21 22 24 24 
4701 18
20 19 19 18 15 12 8 7 6 5 4 4 3 3 2 1 1 1 
1 2 3 4 7 7 7 7 7 8 10 11 11 12 14 14 14 19 
7089 9
17 17 16 15 15 9 6 4 3 
3 8 8 9 10 18 23 24 24 
1912 18
20 20 19 18 16 16 16 14 13 13 13 11 10 9 9 7 5 4 
1 2 6 10 12 12 13 15 17 17 17 17 17 20 20 23 25 25 
1002 15
19 18 17 16 16 15 14 13 12 11 11 10 9 9 4 
1 2 6 7 13 14 17 18 18 18 20 21 22 23 24 
3101 15
19 18 16 13 13 11 11 10 8 7 7 4 4 2 2 
3 3 3 4 5 5 13 16 16 18 18 18 24 25 25 
6796 6
20 20 19 13 11 5 
6 6 7 15 19 23 
1515 16
20 19 18 17 16 14 13 13 9 9 9 8 6 3 1 1 
2 2 8 8 10 13 14 15 18 18 18 19 19 20 25 25 
4086 5
19 12 11 2 1 
3 7 8 11 13 
1241 6
17 14 14 14 9 5 
4 6 6 14 15 21 
4598 8
20 17 13 13 7 6 5 2 
2 3 6 7 8 19 20 22 
2662 9
18 18 16 12 10 9 8 8 6 
3 6 12 16 23 24 24 25 25 
5954 11
20 20 19 18 16 16 6 6 5 3 3 
2 2 4 5 6 6 7 8 8 18 21 
3960 8
19 14 14 12 9 8 6 2 
3 3 10 10 12 16 20 25 
3309 19
20 20 19 19 18 17 11 10 10 9 8 8 8 7 4 4 3 3 3 
3 9 9 9 11 11 12 12 12 12 13 13 17 19 19 20 21 22 25 
2189 18
20 19 18 17 16 16 15 13 12 11 9 9 9 9 8 8 5 2 
1 2 2 3 4 4 5 6 7 8 11 12 14 15 18 19 23 23 
3889 7
19 14 13 9 4 2 1 
2 5 13 16 18 19 24 
5858 8
20 19 15 14 10 10 8 5 
3 8 13 15 17 19 23 24 
4081 13
20 19 14 11 8 8 8 7 7 6 5 3 1 
3 4 7 7 12 16 17 17 18 18 18 19 22 
5035 5
19 18 13 9 4 
9 11 14 20 24 
951 18
19 17 17 16 14 14 13 11 9 8 8 8 7 7 4 2 1 1 
1 6 8 11 12 15 17 17 18 19 20 21 21 22 22 23 24 24 
624 7
20 19 19 18 17 9 2 
1 4 5 10 15 24 24 
1797 15
20 19 18 17 16 15 13 13 11 11 10 10 5 1 1 
2 4 5 7 8 9 15 16 18 19 20 21 21 22 23 
2757 15
20 17 15 15 14 13 11 10 9 8 8 8 5 2 1 
1 2 2 2 5 7 8 11 15 16 17 17 18 19 21 
1019 16
20 12 11 9 8 8 7 5 5 4 4 3 3 2 2 2 
3 4 7 9 10 12 13 13 16 16 17 18 19 20 22 25 
1618 13
19 18 16 16 16 14 13 13 11 6 6 5 4 
1 3 5 5 9 9 9 9 16 16 23 24 24 
2799 10
20 17 16 15 15 12 11 8 3 3 
2 2 2 4 13 15 16 23 24 25 
4747 5
19 16 11 5 4 
3 4 9 10 18 
1604 6
18 15 13 9 8 1 
1 5 12 17 22 23 
1920 18
20 20 20 20 18 18 15 15 11 11 11 10 9 8 6 5 4 1 
1 3 8 10 11 12 14 15 16 17 18 18 21 22 23 23 24 25 
3233 18
20 19 18 17 16 14 12 11 9 9 9 7 5 5 4 3 2 2 
1 2 4 5 7 8 10 12 13 18 20 21 22 23 24 25 25 25 
688 16
19 18 15 14 13 12 11 9 6 6 4 4 2 2 1 1 
2 5 6 7 8 8 9 14 16 18 19 22 23 24 25 25 
1038 15
19 17 16 15 13 13 12 11 9 7 7 6 3 2 1 
3 4 5 10 13 13 14 16 19 20 21 22 23 23 25 
3779 11
17 17 13 13 9 8 8 6 3 2 1 
1 4 7 8 9 11 11 15 17 17 18 
2191 11
20 17 16 13 11 11 7 6 6 5 1 
1 3 4 7 8 8 9 15 16 17 18 
7246 15
20 20 19 14 13 13 11 9 9 8 6 5 5 3 2 
1 1 2 3 6 9 13 13 15 15 17 17 20 23 25 
7039 15
18 15 13 13 11 11 9 8 7 6 6 5 5 3 2 
1 3 5 5 6 9 13 13 14 16 18 20 23 25 25 
821 19
20 19 19 18 17 16 16 15 14 14 13 13 8 6 4 4 4 4 4 
4 4 5 5 6 6 7 9 13 17 17 17 21 22 23 23 24 25 25 
2479 18
20 19 18 18 16 16 15 15 13 12 11 7 6 6 6 3 2 1 
1 2 3 4 8 10 11 13 15 19 20 22 22 22 22 23 24 25 
6617 14
18 17 15 14 12 11 10 9 9 9 4 2 2 1 
1 5 7 8 8 10 12 13 16 17 20 23 23 24 
3510 5
19 15 15 10 10 
4 17 19 19 19 
4531 14
19 17 16 13 12 10 10 9 7 7 6 5 5 3 
8 10 10 11 12 12 14 16 17 19 20 24 24 24 
6310 12
19 18 17 16 16 16 15 13 11 11 11 6 
2 4 7 7 7 10 12 14 16 17 18 25 
1780 9
18 18 16 14 7 6 4 2 1 
8 9 13 13 18 19 24 24 25 
3207 12
19 16 12 10 8 7 7 7 7 5 5 1 
5 9 11 13 20 20 21 21 22 24 24 25 
1252 14
19 19 15 14 14 13 12 10 9 8 7 6 4 1 
1 2 7 7 17 17 18 19 21 23 23 24 25 25 
3462 12
19 14 12 12 11 10 9 6 6 4 3 1 
2 5 6 10 10 11 12 14 16 23 24 25 
6143 15
15 14 14 11 10 10 10 9 8 7 6 6 3 3 2 
1 2 7 11 12 16 16 17 17 20 22 22 23 23 25 
462 8
18 16 14 10 10 5 4 1 
3 4 7 11 12 12 14 25 
4344 10
20 18 18 17 16 12 10 10 5 2 
1 5 7 10 11 14 19 20 21 22 
1749 12
20 19 18 15 12 12 10 10 9 7 4 4 
1 1 2 2 5 12 14 18 18 18 21 22 
1276 7
20 18 15 13 8 7 4 
1 6 11 11 14 17 24 
2629 19
20 19 18 18 17 16 16 15 13 12 10 9 9 8 7 6 1 1 1 
3 3 6 10 10 10 11 12 12 13 13 15 18 21 23 23 23 24 25 
833 5
19 6 4 3 1 
10 11 19 23 23 
2857 12
19 18 18 16 11 8 8 6 6 5 4 2 
1 3 5 5 8 11 19 21 21 22 22 25 
1163 16
20 20 19 17 14 12 11 8 7 7 7 6 6 5 3 1 
2 4 5 8 10 11 15 15 16 17 18 21 22 22 25 25 
3774 18
20 19 19 16 16 16 14 13 12 10 9 7 7 6 5 3 3 1 
1 1 2 2 4 7 8 8 9 10 11 14 15 16 16 18 20 23 
5550 12
19 18 18 17 16 14 12 11 8 7 6 5 
4 5 6 12 13 15 15 20 22 23 24 25 
6441 12
15 15 15 15 14 13 12 10 10 5 4 2 
3 5 5 8 9 13 14 15 16 17 17 21 
1809 10
20 19 15 15 14 12 10 5 5 4 
2 6 7 9 14 15 16 17 19 20 
1990 17
20 18 18 16 14 13 11 11 10 8 8 6 5 5 3 1 1 
2 2 5 6 7 8 15 18 19 20 21 21 22 22 23 23 25 
2952 16
20 20 19 19 19 18 16 14 14 14 13 9 7 6 5 4 
3 5 6 8 10 11 12 13 14 14 14 15 18 18 19 21 
470 9
19 17 15 13 11 10 7 2 1 
2 3 3 4 5 8 12 17 21 
4396 16
20 20 19 18 15 14 14 14 12 11 11 6 4 4 2 1 
4 6 7 7 9 17 17 18 18 18 19 20 22 22 24 24 
4509 15
20 19 18 13 12 11 11 11 9 8 5 4 3 2 2 
3 3 5 7 9 12 12 13 16 19 19 19 20 25 25 
6307 15
16 16 15 13 12 11 9 7 7 7 7 6 2 2 1 
1 3 5 7 8 11 11 12 14 14 19 19 20 20 24 
4436 11
19 18 17 17 13 9 9 8 1 1 1 
2 5 6 14 17 19 19 20 22 23 24 
1045 7
17 16 14 10 10 6 3 
1 6 8 12 21 22 23 
6460 14
18 16 15 15 14 9 9 7 6 5 3 3 2 2 
2 2 7 8 8 9 9 12 12 14 20 22 23 24 
3067 17
18 18 16 14 14 13 13 12 11 11 9 9 8 5 3 2 1 
1 1 3 4 5 7 7 10 11 12 12 13 13 14 15 19 23 
1271 17
20 20 18 17 16 15 13 12 12 11 11 10 9 8 6 6 4 
2 3 5 5 5 6 8 11 11 12 12 16 17 17 17 20 25 
4404 16
19 19 18 17 14 10 10 8 8 7 6 4 3 2 2 2 
4 5 5 6 7 8 15 17 17 19 19 21 23 24 25 25 
5886 7
18 17 14 13 9 7 7 
2 14 18 19 19 20 21 
7013 15
20 19 19 18 16 13 12 11 11 10 8 7 6 5 3 
2 2 4 4 4 4 6 7 8 12 13 14 16 24 25 
2312 15
19 14 13 8 8 7 6 6 6 6 5 2 2 2 1 
1 2 2 5 7 13 14 15 19 19 21 22 22 22 23 
6397 13
20 19 18 16 12 11 11 5 5 5 3 2 1 
2 3 3 4 5 9 10 10 17 18 18 24 25 
2071 17
20 20 17 16 15 15 15 14 11 11 10 8 6 6 5 4 2 
1 2 4 5 10 11 13 13 13 18 18 20 20 21 22 22 24 
5031 12
19 17 16 15 15 14 12 10 9 7 7 1 
5 9 10 12 13 14 14 14 15 21 22 25 
6529 12
19 15 14 12 12 11 11 9 8 8 6 3 
2 3 12 12 14 18 19 21 22 22 22 23 
879 14
20 15 15 15 11 10 10 9 9 7 6 4 3 2 
1 3 4 8 10 10 10 10 11 11 17 23 23 24 
2282 18
20 19 18 17 17 15 15 12 12 11 10 9 7 6 4 4 3 2 
2 4 5 5 7 7 7 12 14 14 16 20 20 20 22 23 23 25 
3834 7
12 11 11 10 9 4 1 
1 5 5 11 15 21 25 
2332 11
17 16 12 11 11 6 6 5 4 3 2 
2 3 4 9 9 15 19 20 22 22 25 
6688 16
18 14 14 12 12 9 9 7 7 5 5 4 2 1 1 1 
2 2 3 4 6 8 11 13 15 16 17 18 18 21 24 25 
704 7
19 13 8 8 5 3 1 
5 8 9 11 12 14 16 
1694 19
19 18 17 15 15 15 13 12 12 11 11 11 10 10 7 6 5 3 1 
4 5 8 8 9 10 11 12 15 15 16 17 18 20 20 21 21 23 24 
3904 7
20 18 15 15 13 4 1 
1 1 2 4 13 20 22 
938 6
18 18 16 14 3 2 
7 9 13 13 16 22 
3507 12
20 20 19 16 16 15 13 13 10 10 8 3 
4 5 6 13 14 18 18 21 23 24 24 25 
1566 10
20 19 18 15 13 13 12 8 4 3 
1 5 7 10 19 21 22 22 22 25 
624 18
20 19 17 17 15 15 15 14 13 13 11 7 6 4 4 4 3 2 
2 3 3 7 8 8 10 11 13 14 15 18 19 20 21 24 24 25 
5228 18
20 19 15 14 14 12 12 11 10 10 10 7 6 6 6 5 4 4 
3 3 4 9 9 10 10 11 12 14 15 16 16 20 22 22 23 25 
4067 13
20 19 17 17 17 13 13 11 9 8 5 4 1 
4 9 10 10 12 17 20 21 22 22 23 23 24 
6143 14
20 18 17 17 16 16 15 15 10 10 10 7 1 1 
3 6 7 8 9 10 10 13 14 14 20 20 20 21 
2751 10
20 15 15 14 14 13 13 11 11 7 
6 6 13 16 17 21 24 24 25 25 
5396 13
19 19 13 10 8 8 7 5 4 4 3 3 2 
3 4 4 4 11 14 15 16 18 20 21 21 22 
4902 10
19 18 10 9 9 8 6 5 3 3 
2 6 7 9 12 13 15 19 20 25 
2612 9
17 15 14 12 11 11 7 5 1 
1 5 9 10 12 15 17 17 25 
4224 6
16 16 15 8 3 1 
4 10 16 19 21 23 
470 10
19 18 17 16 11 11 5 5 4 2 
5 6 9 13 18 19 22 23 24 24 
1468 12
20 19 19 18 17 14 11 9 8 6 4 1 
4 12 14 14 17 18 18 20 21 22 23 24 
6417 17
20 19 19 15 14 14 12 11 8 8 7 6 6 3 1 1 1 
1 4 5 7 15 15 15 16 16 17 18 22 23 23 24 25 25 
5720 14
20 19 18 16 15 14 14 13 12 10 9 8 6 5 
1 3 3 7 9 12 13 15 16 17 19 19 21 25 
4966 11
16 14 13 13 12 12 10 7 4 4 1 
1 3 4 8 9 12 13 14 23 24 24 
795 9
19 13 9 9 3 3 3 1 1 
6 15 16 16 18 20 22 22 25 
4777 17
19 19 19 19 19 17 16 14 14 13 12 11 11 11 10 4 2 
1 2 3 4 10 11 12 12 15 16 18 18 19 19 21 22 23 
3349 11
19 18 17 17 13 7 7 6 6 3 2 
1 8 9 11 12 16 22 22 23 24 24 
809 13
18 16 15 11 11 9 9 7 6 6 5 3 2 
2 3 4 5 7 9 10 14 16 16 16 20 25 
6748 8
15 15 11 11 10 10 5 1 
3 5 7 8 12 13 14 17 
3915 15
20 20 18 18 18 17 16 13 12 8 5 5 5 4 2 
4 6 7 8 9 16 16 17 17 17 17 19 21 21 25 
7171 18
19 16 16 16 15 10 9 9 8 8 7 6 5 3 3 2 2 1 
1 7 8 8 8 11 11 11 11 15 17 17 17 18 18 21 23 23 
6875 11
20 16 14 12 11 10 9 8 7 7 2 
2 8 15 16 17 20 22 23 24 25 25 
1125 15
20 19 14 14 13 9 9 7 6 6 5 4 4 3 1 
1 1 4 4 7 9 11 12 13 14 16 17 21 23 24 
2562 8
17 16 13 12 9 7 7 4 
8 9 12 15 18 19 23 24 
1207 15
19 12 11 11 10 10 8 7 5 4 3 2 2 1 1 
2 2 5 5 9 10 10 11 12 14 19 20 22 23 25 
3909 6
11 10 6 5 3 1 
5 10 21 21 22 24 
6338 19
20 20 20 19 19 15 14 11 11 10 10 9 7 6 6 4 3 3 2 
1 2 3 3 7 9 10 11 11 12 13 14 15 15 17 18 18 18 25 
1529 5
19 17 14 6 6 
1 7 11 21 23 
410 16
20 19 18 18 15 15 13 13 12 11 11 10 9 8 5 4 
1 3 4 5 7 7 7 13 15 17 18 18 19 22 23 24 
2858 8
19 17 16 15 5 5 4 3 
5 7 9 11 14 15 16 22 
353 7
15 11 10 10 7 6 1 
7 8 10 10 17 23 23 
3315 5
10 9 6 2 2 
12 22 24 24 25 
4027 13
19 17 15 13 10 9 9 8 7 6 5 5 3 
1 4 5 9 10 10 10 11 12 14 17 18 23 
5391 5
19 15 11 7 1 
2 3 15 17 24 
6777 8
16 13 13 12 10 9 8 4 
11 11 17 19 19 23 23 25 
1411 19
20 19 19 18 18 16 13 13 11 8 7 7 6 5 5 4 2 2 2 
1 3 4 4 4 6 8 12 12 13 16 19 19 20 21 21 24 24 25 
6211 13
19 17 17 16 16 15 14 13 13 12 10 2 2 
3 5 6 9 9 12 15 18 19 22 22 23 24 
4660 7
19 18 18 16 12 11 7 
8 10 10 11 12 13 19 
586 11
20 19 19 17 14 12 12 9 9 6 5 
2 5 5 6 7 10 13 14 21 22 25 
3759 14
18 17 16 16 14 14 12 11 10 7 5 5 3 2 
2 4 5 6 6 8 8 9 14 15 16 17 21 24 
1063 8
20 14 13 13 12 4 1 1 
14 14 16 17 21 22 24 25 
6715 6
12 10 9 9 5 4 
2 18 21 22 25 25 
3485 19
20 19 19 18 18 13 13 12 11 10 9 8 6 5 5 4 3 1 1 
2 2 3 5 7 9 12 12 16 16 16 17 18 18 18 19 20 22 22 
630 7
16 14 13 11 9 6 2 
2 8 9 12 12 15 19 
1262 5
20 19 18 10 7 
12 12 12 21 24 
4880 17
17 16 15 13 11 11 11 11 9 8 8 7 6 6 3 2 1 
2 2 2 5 5 6 6 7 7 10 12 13 13 13 17 22 23 
4461 16
18 14 14 14 11 10 9 8 7 7 5 3 3 3 2 1 
2 3 5 6 6 7 7 9 10 10 11 16 16 21 21 24 
568 6
19 16 15 11 3 2 
4 12 13 21 21 22 
2287 6
15 12 11 10 5 1 
3 7 8 12 14 15 
4234 7
19 12 11 9 8 4 1 
1 2 3 16 17 19 21 
1903 16
20 19 19 18 18 17 15 15 14 12 11 9 8 8 7 2 
1 3 4 6 8 8 9 10 12 16 18 18 20 21 22 24 
3665 19
19 19 19 19 19 19 17 16 14 11 11 10 10 7 7 5 3 2 1 
1 4 5 7 9 9 10 12 13 14 18 18 19 20 20 21 22 24 25 
5189 8
19 16 15 15 12 11 5 4 
3 4 7 9 14 20 21 24 
7258 7
14 13 13 12 7 5 1 
4 4 6 9 15 17 24 
5066 16
20 19 19 18 17 13 12 12 9 9 6 6 6 5 5 1 
3 4 6 8 8 12 14 16 17 17 18 20 21 22 23 24 
4243 6
18 17 16 11 6 4 
3 4 11 19 20 21 
5650 9
16 15 9 9 8 8 6 5 4 
8 9 12 14 14 15 17 20 23 
3660 17
18 18 18 14 13 13 13 13 13 8 8 7 7 5 3 3 1 
3 8 8 11 12 12 15 15 15 19 21 21 22 23 23 23 24 
1660 17
20 20 20 19 19 17 14 11 11 10 9 8 7 1 1 1 1 
4 4 6 7 8 10 11 12 14 16 16 17 17 17 18 20 23 
1236 15
20 20 19 17 16 12 11 11 11 10 8 7 6 5 5 
4 11 11 11 12 13 15 17 18 18 20 21 21 23 24 
674 7
18 16 15 7 6 6 1 
2 4 9 12 13 18 22 
3446 12
19 19 17 13 13 13 10 8 8 8 3 1 
1 3 5 6 8 9 14 16 18 19 22 22 
3911 5
19 17 16 6 2 
4 9 11 15 17 
2437 13
18 17 15 12 12 8 7 6 5 5 4 1 1 
2 2 7 10 11 11 13 13 15 17 17 21 25 
6141 8
20 16 15 12 5 3 2 1 
1 8 9 10 10 17 18 22 
623 6
20 18 16 12 12 5 
1 3 8 13 18 22 
4020 19
20 19 18 17 16 16 16 15 13 12 9 9 8 5 5 5 5 3 3 
1 8 9 10 11 12 13 13 13 14 17 18 19 19 21 21 22 24 25 
2263 12
20 18 17 16 15 13 10 9 6 5 4 4 
4 5 5 8 9 9 13 14 15 17 22 22 
5053 5
18 10 9 5 4 
3 4 16 18 22 
6922 12
20 19 19 17 16 15 12 9 8 6 3 1 
2 3 5 6 7 12 14 15 21 22 24 24 
1072 17
18 18 17 15 15 15 13 13 12 11 8 5 5 4 4 4 2 
1 2 6 9 9 12 13 13 13 15 17 17 18 18 21 21 22 
377 14
19 18 12 11 10 10 9 9 5 3 3 1 1 1 
1 1 1 2 3 6 6 8 11 13 16 16 20 20 
1523 14
19 18 18 16 14 11 7 6 6 5 5 4 3 1 
1 2 4 5 6 6 8 9 12 14 14 15 22 24 
5518 18
19 19 19 16 15 15 14 13 12 10 9 9 9 9 5 5 2 1 
4 5 5 6 6 8 8 9 10 10 10 11 12 14 16 16 22 23 
3633 5
19 18 11 9 6 
4 5 17 19 23 
6579 16
19 19 18 16 16 15 11 11 10 9 8 7 6 6 3 3 
2 2 5 5 5 7 10 10 11 17 17 20 20 21 25 25 
3054 15
20 19 16 12 12 12 11 5 4 4 4 4 3 2 1 
1 1 10 11 11 11 12 13 13 15 16 16 17 19 21 
4616 10
20 17 14 10 9 8 7 6 4 3 
1 3 3 4 9 9 10 19 23 25 
3222 17
18 18 16 14 12 12 12 12 11 11 9 8 7 5 4 4 2 
1 2 4 7 7 12 12 13 14 15 18 18 20 23 24 24 25 
3146 10
18 17 16 14 12 11 7 6 6 3 
4 7 8 13 16 17 18 23 23 24 
4026 14
19 19 18 18 17 11 11 10 9 8 5 5 4 1 
3 3 7 8 10 13 15 15 17 18 19 24 24 25 
1596 17
19 18 17 14 13 12 12 10 9 9 8 6 4 2 1 1 1 
1 2 2 5 5 6 8 10 11 11 13 17 17 17 18 24 25 
1251 11
18 16 16 12 10 10 10 9 8 6 5 
3 3 10 12 13 17 17 18 21 21 25 
550 15
20 20 18 15 15 14 14 11 10 9 8 6 3 3 1 
1 4 6 8 9 9 11 13 15 16 18 19 23 23 24 
5601 5
17 15 8 3 1 
8 9 11 24 24 
3895 17
20 20 19 19 19 14 10 10 8 7 7 6 4 4 4 3 1 
2 4 6 6 6 7 7 8 10 11 12 14 14 18 20 23 24 
656 16
20 20 17 16 13 13 12 11 11 11 10 6 5 3 2 2 
2 4 4 5 6 7 8 9 10 18 21 22 23 24 24 25 
7199 19
20 15 14 14 14 11 9 9 9 8 8 7 6 5 3 3 2 2 1 
2 3 4 5 6 7 7 9 9 10 12 13 15 16 18 21 21 24 25 
5622 14
19 18 17 16 16 12 12 8 6 5 5 4 3 1 
4 6 6 7 11 13 14 14 15 15 18 20 23 25 
2882 6
17 16 11 10 3 2 
4 6 12 13 22 24 
2634 19
20 20 19 19 18 17 14 14 13 13 10 9 8 7 7 6 5 3 1 
1 1 5 9 10 10 11 11 14 15 15 17 18 18 19 20 22 23 23 
5317 8
19 15 13 10 9 7 5 5 
1 9 12 13 15 17 22 25 
976 12
18 17 15 10 6 6 5 5 4 4 2 1 
4 6 6 7 9 10 11 14 22 24 25 25 
3355 6
20 14 12 10 3 1 
5 14 15 16 20 21 
3870 14
18 15 13 13 13 10 10 9 9 6 4 3 1 1 
4 8 10 12 13 16 16 17 21 22 23 23 23 24 
2859 12
20 16 14 14 12 11 9 7 7 7 4 3 
5 6 8 8 9 9 10 16 19 23 23 25 
3291 10
20 18 15 8 8 7 5 2 1 1 
2 7 11 12 13 13 19 20 25 25 
1887 10
20 18 12 10 10 8 6 4 3 1 
3 3 3 5 6 8 15 17 19 23 
2695 8
17 15 9 7 6 4 2 2 
4 7 11 13 15 22 24 24 
3424 11
20 19 17 17 14 14 9 8 7 5 2 
2 4 4 6 7 7 8 13 19 22 23 
2105 10
18 17 16 12 6 5 4 3 3 1 
1 4 7 8 11 16 18 18 20 24 
4809 17
20 19 18 17 15 13 13 12 9 7 7 5 5 3 3 3 1 
2 8 8 13 13 13 15 17 17 18 19 20 22 23 23 24 25 
3867 15
20 17 16 16 16 13 11 10 9 8 7 7 5 4 2 
1 4 11 12 13 16 17 17 19 20 20 21 23 23 25 
3137 13
19 17 16 15 13 7 7 6 6 6 5 5 1 
2 4 8 10 11 12 12 14 17 20 21 25 25 
2055 18
20 19 18 18 17 16 14 14 13 12 12 12 10 8 7 4 3 1 
3 4 6 10 10 12 13 15 15 15 17 19 20 20 22 22 22 23 
7135 6
18 17 16 12 10 1 
1 6 11 14 15 20 
1366 14
20 20 20 19 17 17 14 11 11 6 6 3 2 1 
2 6 6 7 8 14 16 16 17 17 18 22 22 24 
3776 6
15 11 11 8 7 4 
5 7 15 18 19 22 
1162 15
19 18 18 17 16 16 15 13 10 9 8 6 4 3 2 
1 3 4 7 7 7 9 11 12 12 13 17 19 21 24 
3335 19
19 19 19 17 17 15 15 14 12 9 9 8 8 7 4 3 2 2 2 
2 3 4 8 8 11 11 15 16 16 18 18 19 21 22 23 24 25 25 
7285 13
20 20 19 16 12 7 7 6 4 3 3 2 1 
2 3 4 10 13 14 18 18 19 19 19 21 22 
2335 13
20 20 18 15 15 15 13 13 11 7 4 3 3 
3 5 6 8 10 10 12 13 14 21 21 22 23 
3666 17
20 20 19 18 18 15 13 12 10 9 9 8 7 6 5 2 2 
2 3 4 4 4 4 10 13 14 14 15 17 21 24 24 24 25 
2826 15
20 18 17 16 16 16 15 12 12 9 6 6 4 1 1 
1 4 4 5 6 6 7 7 7 14 18 19 23 24 24 
2951 12
19 19 18 16 13 11 11 8 8 6 3 2 
1 6 8 10 11 11 12 17 19 22 23 24 
1457 9
20 18 17 16 13 12 10 8 5 
5 7 9 12 14 14 14 16 22 
6205 16
20 20 16 16 15 15 13 12 12 9 9 9 8 8 7 4 
2 3 7 7 7 8 12 12 13 14 17 17 17 19 20 23 
3441 8
19 16 15 11 9 9 7 1 
1 3 4 5 14 17 22 22 
4378 6
16 14 11 7 5 1 
9 19 19 20 23 25 
5545 6
17 17 13 10 10 9 
7 10 16 18 19 22 
5521 9
20 18 15 12 9 9 8 3 2 
5 5 7 8 10 10 14 16 19 
1260 11
20 18 17 13 12 8 5 5 4 2 2 
1 3 5 6 6 11 16 18 18 19 22 
6251 16
20 19 19 18 17 15 14 12 12 11 10 5 4 2 2 2 
1 1 2 2 4 5 5 7 7 8 11 12 13 13 13 18 
1369 19
20 20 20 20 19 15 14 14 10 9 9 8 7 7 5 5 3 2 2 
1 2 4 5 6 8 8 9 9 10 10 10 11 18 19 19 21 23 25 
1770 18
17 17 16 15 14 13 11 9 8 6 6 6 4 4 3 2 1 1 
2 4 4 5 7 9 9 10 11 13 14 16 17 17 17 19 21 21 
303 18
20 20 18 17 17 14 14 13 12 11 10 10 9 8 8 5 5 1 
1 2 3 6 7 9 10 11 13 13 14 14 15 15 15 16 20 25 
6306 19
20 19 17 17 15 14 14 12 9 9 8 8 8 4 4 3 3 1 1 
2 3 9 10 12 13 14 15 15 17 18 18 19 19 22 22 23 23 24 
5482 14
19 19 18 18 16 16 14 14 12 10 8 2 1 1 
5 6 6 8 8 11 12 14 14 16 17 21 21 24 
1299 5
18 18 16 9 1 
5 5 13 16 20 
2942 10
20 19 17 16 16 15 12 5 5 4 
6 6 7 10 10 18 20 21 24 25 
5869 14
20 19 18 18 17 17 17 15 13 12 11 9 7 1 
5 7 7 9 9 10 11 14 17 19 22 23 24 25 
882 19
19 15 15 15 15 14 13 12 10 10 9 5 4 4 3 2 1 1 1 
1 1 2 2 3 3 4 4 7 9 10 13 15 15 17 19 20 20 21 
471 5
17 14 12 6 1 
4 12 16 17 18 
2700 11
18 14 14 11 11 9 5 4 3 2 1 
2 3 4 9 15 17 17 19 19 25 25 
5972 15
19 18 16 15 15 14 13 12 12 12 10 6 6 3 3 
2 3 4 6 8 11 11 12 13 17 18 18 18 20 23 
6051 17
20 19 19 18 16 16 14 13 10 9 8 7 3 3 2 1 1 
1 4 5 6 7 8 9 11 13 13 15 15 17 18 23 23 24 
4887 9
16 13 11 11 11 10 8 5 1 
1 3 5 11 13 16 16 17 18 
6260 17
20 20 19 18 17 17 17 16 15 10 9 8 7 6 6 5 4 
1 3 3 4 4 7 12 12 14 16 16 17 17 19 23 24 24 
1592 9
20 18 15 13 12 11 8 5 1 
7 10 14 15 17 20 20 22 24 
1540 17
19 18 15 10 9 9 9 9 8 7 7 4 4 4 4 3 2 
2 3 3 4 5 5 5 6 13 15 16 19 22 22 23 23 24 
1865 15
20 15 13 13 10 9 8 8 7 6 5 5 5 1 1 
2 3 3 3 3 9 13 13 15 17 19 20 21 25 25 
2640 10
20 20 17 14 13 10 9 8 8 3 
1 1 8 13 13 15 16 20 22 22 
6427 9
16 15 11 9 8 7 5 5 2 
4 10 12 17 21 22 22 22 25 
5564 5
13 8 4 2 1 
1 2 3 5 18 
1025 8
16 15 14 14 11 4 1 1 
1 2 16 16 20 21 23 23 
1291 5
20 16 9 8 7 
4 7 12 20 22 
6372 17
20 18 18 16 15 14 14 12 12 11 11 9 9 8 8 7 2 
2 4 8 9 13 14 15 16 16 18 18 18 20 21 22 23 25 
2051 11
18 18 17 16 15 13 10 7 6 3 1 
3 4 5 6 16 16 18 20 23 23 24 
3346 7
20 19 15 7 4 4 1 
3 4 6 10 13 19 22 
5628 14
20 18 17 16 15 15 10 9 9 7 7 6 3 3 
1 6 6 7 8 10 11 14 16 16 21 24 25 25 
695 11
17 16 13 13 11 10 8 8 6 2 2 
2 2 3 7 9 10 12 16 20 24 25 
502 14
17 16 16 12 11 10 9 7 6 6 5 4 2 1 
1 2 4 6 6 7 8 12 18 19 20 20 23 24 
4902 16
20 20 20 20 16 13 13 12 8 8 5 5 2 1 1 1 
2 3 4 5 6 7 9 10 11 15 16 17 19 21 22 23 
4881 14
18 18 14 13 13 11 6 6 5 5 4 1 1 1 
1 1 3 3 4 7 14 14 17 19 21 23 23 25 
6249 7
18 7 7 7 5 2 1 
2 3 9 16 21 22 23 
929 14
20 17 13 13 13 12 12 12 10 9 8 8 8 6 
5 8 8 11 14 16 19 19 20 20 21 22 22 22 
7274 16
19 19 18 17 15 14 14 12 12 12 11 8 7 6 5 2 
1 2 3 7 9 9 11 13 15 16 16 17 20 21 22 22 
559 7
20 15 11 11 9 7 2 
3 4 5 5 12 18 19 
3042 13
20 20 18 16 14 12 11 11 9 7 7 6 1 
1 2 3 3 3 8 12 15 17 19 24 24 25 
421 16
20 20 19 17 17 13 13 12 9 9 9 8 8 6 2 1 
2 2 3 3 4 5 6 6 7 8 8 9 12 15 18 23 
1798 5
16 14 9 8 4 
1 2 16 16 23 
6202 16
20 20 18 17 16 16 15 15 14 8 4 2 2 1 1 1 
2 4 4 7 9 11 12 14 16 17 18 19 20 21 23 25 
4692 16
20 18 18 15 11 11 10 9 9 7 7 6 4 3 1 1 
4 5 6 6 8 10 13 15 17 18 22 23 23 23 24 25 
483 13
20 19 18 17 17 15 12 10 10 9 6 5 5 
1 3 5 6 8 14 16 17 19 20 22 23 25 
2916 18
18 18 18 17 13 13 12 11 8 7 6 6 5 4 4 3 1 1 
1 1 4 6 7 8 10 10 12 12 19 19 20 20 21 23 23 24 
1685 15
19 17 16 15 15 14 14 13 11 9 9 8 6 6 3 
2 2 9 11 11 11 14 15 16 16 17 18 19 24 24 
742 14
19 17 16 15 12 11 9 7 7 6 5 5 2 2 
4 6 8 10 11 11 12 13 14 14 16 20 20 23 
7101 6
16 15 12 10 8 2 
15 16 19 21 22 25 
3836 6
20 17 12 11 7 4 
6 8 12 14 15 24 
3083 7
19 19 11 4 2 2 1 
4 8 18 21 22 22 24 
2351 6
19 18 15 13 9 6 
8 9 13 18 20 23 
521 13
20 19 17 16 14 12 7 5 5 4 4 1 1 
5 7 10 11 12 13 15 15 15 17 18 24 24 
3975 13
20 19 19 16 16 16 14 14 6 6 4 3 1 
4 6 6 8 11 12 12 13 16 17 18 21 25 
4419 19
20 17 17 16 15 15 14 14 14 12 11 10 10 7 6 5 4 4 3 
3 3 3 6 10 11 11 11 12 13 14 17 20 20 21 21 22 23 23 
3749 10
18 18 16 16 15 12 10 7 7 6 
1 1 2 3 4 4 17 21 22 22 
3394 8
18 14 13 13 11 8 5 5 
8 8 9 16 17 17 19 25 
2592 17
20 18 14 14 14 14 11 10 9 9 8 7 6 5 4 3 3 
5 5 5 8 9 9 9 13 13 14 17 19 21 22 24 24 25 
6130 14
20 20 19 13 11 11 10 7 6 6 5 3 2 1 
1 4 5 10 12 12 14 18 18 19 20 23 24 24 
1956 8
19 14 13 13 10 9 8 5 
6 10 15 15 18 20 22 24 
3061 18
15 15 14 14 11 11 11 10 10 10 9 9 8 8 4 2 2 1 
4 7 8 9 11 13 14 14 16 16 16 20 20 20 20 21 24 25 
1383 14
19 17 16 15 15 14 14 9 8 7 7 7 5 4 
1 1 3 4 5 8 9 13 15 16 19 21 21 22 
1309 6
18 17 16 15 9 3 
2 2 7 14 16 19 
4576 10
18 17 17 10 9 9 9 6 4 2 
1 2 3 4 6 7 10 14 17 22 
5255 16
19 18 17 16 13 12 12 11 9 8 7 7 5 3 3 1 
1 4 6 9 10 13 14 14 14 16 16 17 18 22 22 23 
714 19
20 20 19 18 17 17 16 15 15 14 13 12 11 10 9 9 8 4 2 
2 2 9 11 13 13 14 14 14 15 15 16 17 21 21 22 22 24 25 
5717 8
17 15 10 10 8 6 6 4 
3 8 9 10 12 22 25 25 
1310 11
18 18 17 15 14 14 10 9 5 3 1 
1 3 11 11 15 18 18 20 22 22 23 
3957 11
19 18 15 13 12 10 9 8 7 5 3 
4 6 8 9 13 19 20 21 21 25 25 
4950 15
19 18 18 17 13 12 10 8 6 6 5 3 1 1 1 
1 2 4 5 7 8 8 9 10 13 17 18 21 25 25 
3839 9
20 20 20 20 17 12 9 7 5 
2 7 13 17 18 19 22 23 25 
4178 7
20 20 17 10 8 6 4 
7 10 15 17 18 19 19 
2843 7
20 19 17 15 9 4 3 
6 12 13 18 18 23 23 
2955 5
19 11 9 8 4 
4 15 16 23 24 
1876 16
20 19 19 18 16 13 13 12 11 11 11 7 6 6 5 1 
1 4 5 7 8 9 12 16 17 17 20 20 20 24 25 25 
4203 14
20 20 19 18 16 16 16 15 13 11 8 5 2 2 
5 6 6 6 7 9 11 14 18 19 20 22 25 25 
738 15
19 19 17 17 16 15 14 12 10 10 6 4 3 2 2 
2 2 3 8 8 8 11 12 13 14 14 16 21 22 22 
3338 14
20 16 16 14 11 11 8 7 5 5 4 2 2 1 
7 8 10 13 14 16 17 17 18 19 22 23 23 24 
4618 15
18 17 17 16 16 16 15 14 13 12 12 9 4 4 3 
1 4 4 6 8 8 8 9 11 11 12 16 21 23 23 
703 5
17 16 8 5 3 
4 10 15 23 25 
6878 17
19 19 19 18 16 16 14 14 13 8 8 6 5 3 2 2 1 
2 4 4 5 5 7 7 11 11 14 14 15 16 16 22 24 25 
3368 10
18 17 17 15 14 13 12 11 10 5 
8 8 8 8 15 19 21 22 24 25 
1679 8
17 16 16 11 5 3 2 1 
1 10 12 13 14 14 16 25 
5029 11
20 20 18 16 10 9 8 7 6 3 1 
1 4 7 7 13 13 13 13 18 19 19 
4335 13
20 20 20 17 17 17 15 11 11 9 7 5 3 
1 5 5 7 7 9 12 14 15 16 19 20 20 
2493 10
19 17 16 14 13 10 6 4 4 1 
5 6 15 16 17 18 22 22 23 24 
4266 9
20 20 19 17 13 11 9 9 3 
1 4 8 13 17 19 23 24 25 
5538 7
17 16 15 13 8 5 1 
1 2 3 6 7 10 21 
1922 10
20 18 12 9 8 6 3 2 2 1 
3 4 6 11 11 16 17 18 21 24 
1345 5
20 16 11 10 3 
12 12 13 18 23 
7205 16
20 19 17 17 16 16 15 14 14 13 12 11 9 8 3 2 
6 8 8 9 11 11 13 14 14 14 16 16 17 20 23 24 
1664 11
19 19 18 15 13 11 10 10 10 4 2 
3 4 9 10 14 17 19 22 24 25 25 
5592 10
19 19 17 17 17 15 13 13 12 6 
1 1 1 7 11 14 17 17 22 22 
722 19
20 19 19 18 16 15 15 12 10 10 9 7 5 3 3 3 2 2 1 
1 1 6 6 7 10 11 11 13 13 18 18 19 22 23 24 24 24 25 
4805 5
20 18 16 3 2 
1 4 6 11 12 
683 5
20 13 9 5 2 
10 16 20 24 24 
2003 16
19 19 14 13 12 8 6 5 5 4 3 3 2 1 1 1 
1 3 4 4 7 8 9 10 16 17 17 20 21 23 24 25 
667 7
20 16 14 12 10 7 5 
3 6 10 15 17 18 24 
1290 6
17 11 11 8 5 3 
2 5 8 12 22 23 
1210 7
20 12 9 9 4 3 2 
1 5 9 14 18 18 23 
5453 6
15 11 10 5 4 3 
6 10 17 19 22 25 
6014 11
16 14 13 12 12 10 8 8 4 4 1 
2 5 6 11 11 12 15 17 20 20 21 
4626 8
17 16 12 11 8 4 3 3 
1 6 6 12 18 21 23 25 
583 11
16 15 15 13 10 9 6 4 1 1 1 
2 4 5 10 13 14 19 19 20 21 23 
1146 18
20 20 20 19 18 18 16 15 15 15 14 13 8 6 2 1 1 1 
1 1 2 4 8 8 8 9 9 10 14 17 17 18 19 20 21 22 
1657 8
18 15 13 11 10 10 5 1 
6 11 14 16 20 20 20 20 
4311 16
17 16 15 13 12 11 10 8 7 7 7 6 3 3 2 2 
1 1 3 5 6 7 8 11 11 14 15 15 15 19 20 21 
5387 17
19 18 16 16 14 14 13 13 12 6 6 5 5 5 3 3 3 
3 4 5 5 8 11 11 11 12 12 14 14 17 19 22 23 24 
1089 12
20 20 19 18 15 15 9 7 6 2 2 1 
11 13 14 15 18 19 20 20 20 21 23 24 
6205 10
20 15 15 15 14 12 10 9 5 2 
5 6 9 12 12 12 16 19 21 24 
3449 13
18 17 17 16 14 13 12 10 9 8 8 7 3 
10 10 11 11 13 14 14 15 15 17 17 18 19 
6048 17
20 18 17 17 14 11 11 10 9 7 6 5 4 3 2 2 1 
1 3 7 7 13 13 13 14 15 15 18 19 19 21 22 24 24 
3791 19
19 18 18 17 16 15 14 14 13 13 12 12 9 8 8 7 3 1 1 
1 2 2 3 3 7 7 7 10 10 12 12 15 17 19 20 20 21 23 
4225 8
18 13 10 8 8 6 4 2 
1 11 12 15 16 19 22 24 
5679 11
20 19 18 16 16 13 6 6 4 3 3 
2 2 4 9 10 14 15 17 20 23 24 
2982 19
20 20 19 17 16 16 16 15 13 12 10 10 10 9 9 9 8 4 3 
1 2 2 2 5 5 6 7 11 12 15 15 16 18 18 21 22 22 23 
0 8
19 18 15 13 13 7 5 4 
5 8 10 14 21 23 24 24 
