250
6655 26
144 141 135 134 126 113 109 109 108 106 105 103 101 97 87 84 72 68 60 55 51 50 46 42 35 31 
39 42 43 43 47 48 49 54 54 60 63 65 69 70 72 77 96 104 107 110 124 125 127 137 140 147 
328 53
149 148 146 139 137 133 133 132 131 124 123 115 109 104 103 101 99 98 93 91 87 87 86 86 85 78 78 78 76 73 71 68 67 66 62 61 60 59 57 56 55 52 52 47 47 47 45 44 41 41 41 38 32 
34 34 37 41 44 50 52 54 55 55 58 59 62 65 65 65 66 67 70 73 75 75 78 79 79 80 80 83 88 92 93 94 97 98 101 104 105 109 113 115 116 122 123 124 127 128 129 131 136 138 141 142 143 
7008 24
146 142 139 137 128 127 125 124 123 118 115 114 110 106 101 90 89 78 64 62 59 58 42 35 
31 33 36 43 46 60 65 70 71 72 80 84 88 101 106 108 110 123 125 129 136 137 142 143 
1435 44
146 143 138 137 136 133 128 128 122 120 113 111 104 99 98 95 94 93 92 92 90 88 87 86 79 78 77 76 76 75 75 74 73 71 70 68 51 49 44 40 37 35 30 30 
34 38 40 41 41 48 49 51 51 56 56 60 65 66 66 70 75 79 85 87 89 90 90 91 94 96 98 98 102 115 116 116 118 119 120 121 123 135 141 141 146 146 146 148 
3776 7
134 127 119 72 72 60 59 
51 59 63 69 71 90 111 
3262 33
143 143 142 137 131 126 124 118 115 111 110 109 109 108 103 98 97 93 81 77 77 76 75 64 64 51 50 44 37 35 33 32 30 
31 32 35 39 39 40 40 44 45 50 57 60 66 68 74 75 76 78 79 86 87 87 87 88 95 98 108 116 125 137 138 140 149 
2564 14
137 131 130 115 75 71 68 55 47 47 43 36 33 33 
40 59 65 75 85 87 94 110 111 123 124 127 142 147 
1132 26
143 134 132 123 115 103 103 92 91 91 88 78 73 73 70 68 63 58 50 50 46 42 39 33 33 31 
39 50 55 58 66 66 68 69 72 85 92 93 106 106 106 108 114 116 118 118 129 131 133 135 139 146 
3766 40
145 145 144 143 141 139 136 134 127 127 112 109 108 100 98 96 92 89 87 79 77 68 68 64 62 58 55 55 52 50 50 49 47 43 42 42 40 39 36 34 
31 33 47 50 53 55 63 66 69 71 75 76 81 83 86 86 87 92 94 96 99 101 104 104 109 114 116 117 119 123 126 127 129 130 132 136 139 139 141 149 
1418 22
147 144 133 133 127 122 119 109 104 98 95 92 90 89 85 84 71 64 63 48 46 42 
30 39 58 69 72 74 74 78 85 88 91 103 104 108 110 121 122 122 124 133 141 143 
4090 8
147 111 105 91 88 38 32 30 
51 71 91 93 103 116 132 144 
6875 8
144 142 140 134 78 74 66 33 
52 55 63 74 88 102 146 147 
4909 5
130 93 85 62 41 
34 53 62 73 76 
2481 12
149 144 139 119 110 89 88 78 58 56 49 37 
42 53 53 63 63 83 87 101 107 132 134 144 
3869 24
148 137 136 135 129 115 114 107 90 87 83 79 78 77 71 67 63 60 59 45 37 34 33 30 
31 31 34 36 36 47 51 56 57 61 85 103 103 112 112 125 125 127 135 141 142 144 149 149 
2019 46
145 145 139 139 136 133 133 133 133 131 126 124 121 121 119 117 112 110 107 106 104 101 101 98 89 89 87 85 83 77 72 71 69 66 65 58 54 54 51 49 46 43 41 39 38 33 
31 31 37 38 47 49 55 55 58 61 63 70 72 72 75 75 81 85 86 88 88 90 94 97 100 100 101 101 104 105 107 110 112 112 113 122 124 125 128 128 129 130 136 139 143 145 
5909 37
145 143 143 142 136 132 130 122 111 110 109 106 106 103 103 102 100 100 97 87 85 85 85 81 72 70 67 63 60 44 44 43 39 35 31 31 31 
31 38 40 41 42 43 43 54 54 61 70 73 74 76 80 81 83 83 89 93 101 102 102 104 105 106 111 113 116 118 128 132 142 145 146 148 148 
7089 45
148 148 147 143 143 141 139 137 136 132 130 129 129 128 127 126 125 124 124 120 119 116 109 103 102 101 100 99 95 95 94 92 85 85 78 74 72 63 60 56 46 40 37 35 32 
34 36 36 36 36 38 40 43 50 50 51 55 56 57 58 59 62 63 66 73 76 81 88 89 90 90 91 92 98 98 103 107 107 113 115 116 123 127 131 131 135 140 146 148 149 
3300 37
148 146 142 141 140 137 132 125 114 108 100 96 89 87 84 82 77 73 73 72 72 63 62 61 60 59 54 52 49 42 40 39 38 36 36 33 32 
32 38 41 44 49 50 50 52 55 56 57 62 63 66 69 73 74 77 79 80 82 89 92 99 100 100 101 102 104 106 115 115 117 127 136 141 147 
3144 13
149 136 116 114 109 109 93 81 73 60 44 41 40 
49 72 75 82 82 110 114 117 124 132 141 141 149 
6568 33
141 141 139 138 130 129 121 121 117 110 100 100 100 99 96 93 92 86 84 81 79 78 76 72 72 71 61 60 59 50 41 38 31 
39 43 44 47 50 55 62 62 62 68 69 76 76 79 81 85 88 96 102 105 106 117 119 120 122 126 126 128 133 133 138 140 148 
6850 6
93 83 60 56 55 38 
68 68 129 138 141 149 
585 41
149 145 141 141 140 130 128 128 125 119 118 117 115 111 109 103 100 97 93 92 90 83 76 74 69 66 66 64 64 64 63 60 55 53 49 48 39 34 33 30 30 
35 35 35 35 42 43 44 46 46 47 47 49 49 51 51 62 65 69 69 71 72 74 77 82 86 88 89 99 102 116 118 127 129 130 131 132 132 134 136 138 139 
5993 14
146 135 129 117 114 99 93 91 83 63 60 58 58 57 
52 61 73 81 83 90 91 93 105 111 114 119 126 137 
6374 26
149 148 135 131 122 118 114 111 111 94 94 91 78 69 64 60 59 49 48 46 46 42 41 40 40 30 
30 36 36 40 42 47 48 53 55 55 57 64 72 92 102 104 104 109 114 120 124 127 134 137 143 147 
4070 25
140 138 129 122 119 114 106 105 104 96 90 88 85 82 82 71 70 69 55 53 48 48 45 36 32 
39 42 42 44 45 64 67 69 71 75 77 86 92 94 104 105 108 119 128 131 133 134 139 142 143 
2168 47
148 148 148 147 146 144 144 141 132 131 128 127 125 125 124 124 124 123 120 119 119 115 113 110 106 99 97 97 95 90 81 75 74 74 72 65 62 55 48 48 46 44 43 40 39 37 31 
30 33 36 37 41 49 50 50 52 52 54 55 55 59 61 64 66 70 72 77 79 80 83 84 86 88 90 94 97 97 101 103 104 104 109 114 116 119 129 129 132 133 136 138 143 146 148 
813 32
148 147 137 124 123 122 122 120 116 108 107 104 104 99 98 97 89 86 80 76 75 75 70 68 66 63 44 40 38 37 35 35 
32 32 44 45 54 60 63 76 80 82 89 91 92 97 103 104 107 112 114 116 117 127 128 129 131 133 135 136 136 140 144 149 
7194 54
149 149 148 142 139 136 133 130 126 123 122 122 122 120 118 118 117 113 112 109 107 107 103 100 97 90 88 85 83 82 81 77 76 75 73 73 72 72 72 70 67 65 63 63 60 52 52 51 51 49 44 37 35 34 
34 36 37 38 46 46 46 47 52 55 56 58 58 67 69 77 78 80 80 81 84 85 85 85 89 91 94 94 95 97 98 103 103 103 104 109 109 112 115 115 117 119 120 120 120 128 132 132 132 138 140 144 146 147 
2777 36
146 140 140 137 134 125 125 122 120 119 118 114 113 113 112 105 93 77 76 76 75 70 66 63 58 56 54 52 50 49 45 42 38 38 36 30 
30 32 33 39 39 41 44 54 54 55 61 63 65 69 71 77 88 89 90 96 103 106 109 113 122 123 124 124 130 130 131 136 140 144 149 149 
6917 21
148 143 132 131 125 117 106 102 94 69 69 68 66 65 64 47 42 39 39 31 30 
42 51 58 61 61 63 65 69 71 71 78 83 84 89 95 96 99 128 129 130 145 
4037 40
143 138 127 115 111 109 102 98 98 97 96 92 91 88 84 80 76 71 70 66 65 63 61 61 57 54 52 49 47 47 46 46 42 41 41 40 37 35 31 30 
32 32 35 36 43 43 44 46 49 52 53 60 66 68 70 74 75 75 76 79 80 81 83 85 87 88 99 100 107 108 114 116 117 118 120 122 124 126 135 137 
2767 45
149 149 141 140 140 136 126 126 125 123 120 119 118 117 114 113 106 102 99 99 98 87 79 77 74 73 73 71 71 67 65 59 59 58 52 50 49 49 48 42 40 38 37 34 31 
34 37 39 45 46 55 56 59 61 62 65 65 75 75 78 79 85 87 89 103 106 110 112 112 115 116 121 123 123 124 125 126 128 133 135 138 140 142 143 143 144 147 149 149 149 
2010 33
144 140 137 130 127 127 122 122 120 118 117 114 114 110 110 110 106 104 99 92 76 75 72 67 65 63 63 54 43 38 38 30 30 
30 32 39 41 45 47 74 78 79 79 86 89 91 93 94 104 104 108 109 109 109 115 118 122 136 137 138 140 140 141 141 141 147 
1825 30
148 146 138 134 131 128 128 127 126 122 120 119 109 106 106 103 94 94 82 79 76 73 72 71 61 58 56 46 34 31 
30 31 35 45 46 56 57 58 59 64 72 76 77 80 80 94 96 96 99 104 104 106 110 114 116 121 131 135 139 144 
2526 8
140 98 82 79 63 58 53 35 
40 42 66 97 103 114 126 127 
6540 53
149 149 149 148 148 148 148 146 142 141 140 139 136 134 130 128 122 120 117 112 108 106 106 106 105 103 101 100 90 87 83 76 74 73 72 70 69 68 63 61 60 60 59 55 42 40 39 38 37 37 33 33 31 
30 32 36 38 38 39 40 49 50 51 53 56 57 58 61 64 64 68 70 72 72 73 73 75 83 84 87 88 90 91 92 95 98 99 100 102 111 112 116 118 119 119 121 128 129 130 130 137 137 139 144 144 145 
5749 54
148 144 140 139 135 134 132 131 130 128 125 125 123 123 123 123 116 109 97 96 96 91 90 85 84 82 79 78 76 75 75 75 75 71 71 69 66 62 58 54 54 53 52 51 49 46 45 40 39 34 32 32 32 30 
30 31 32 36 37 37 41 45 49 52 55 56 67 67 70 71 71 72 74 76 77 78 78 79 80 83 84 87 89 94 98 99 100 102 104 108 109 109 112 117 122 122 126 131 131 133 133 134 137 139 142 143 144 147 
6957 46
146 141 139 137 136 133 130 125 124 123 122 121 119 117 112 111 105 101 100 96 91 89 87 85 82 80 77 77 76 75 72 70 67 66 62 60 59 56 51 45 43 43 39 35 34 31 
30 30 32 33 34 38 41 43 45 50 55 56 56 58 62 66 66 72 73 75 91 92 97 98 100 103 103 103 104 111 112 116 120 129 129 135 137 138 139 142 143 144 145 146 148 148 
1133 28
139 138 138 133 130 130 124 122 122 100 89 89 87 85 83 83 81 80 80 72 72 70 65 60 56 47 37 37 
36 38 44 47 56 56 57 57 59 70 76 77 80 85 86 93 103 105 109 110 123 125 128 136 138 139 140 144 
7191 41
149 146 142 140 132 130 126 123 119 118 117 115 113 112 99 95 93 93 92 89 89 84 79 75 74 73 68 59 57 56 52 51 48 46 44 39 38 37 35 34 32 
30 30 30 33 34 34 37 38 44 50 58 59 60 68 69 72 72 74 75 76 78 78 81 86 94 101 105 105 107 107 109 109 120 121 122 125 133 141 142 142 149 
3912 8
145 107 105 97 82 57 55 38 
47 56 64 66 77 82 97 121 
4958 54
148 147 142 137 136 131 129 123 121 120 118 116 112 110 106 104 96 96 95 95 91 91 90 89 87 86 85 84 81 80 77 76 74 70 68 66 64 61 60 57 56 54 52 49 48 47 45 45 42 40 36 34 32 32 
30 31 32 32 34 35 35 37 39 39 47 54 55 58 61 63 67 73 76 78 78 79 79 80 84 89 92 94 97 100 105 106 107 109 109 112 113 113 117 117 119 119 120 123 126 126 131 137 140 141 144 146 146 148 
6793 46
137 137 133 131 126 124 123 122 119 115 113 108 107 102 101 98 98 98 96 94 92 87 87 85 83 81 80 80 74 64 63 60 57 57 55 46 44 42 39 35 35 33 33 33 32 31 
32 34 40 46 47 50 50 52 52 54 57 58 62 66 68 71 73 86 86 87 90 94 95 97 99 104 110 112 115 115 116 118 119 119 121 126 129 133 137 138 145 146 146 147 148 148 
1892 15
149 136 130 127 126 122 119 109 105 88 86 81 73 71 39 
33 33 38 49 64 65 73 93 112 114 123 126 130 136 141 
6011 8
141 110 100 96 79 61 45 43 
42 57 68 73 122 134 135 145 
3558 5
96 62 61 47 45 
31 37 46 130 148 
2582 5
143 106 101 70 35 
56 69 82 97 124 
4884 24
144 142 141 140 138 128 125 121 114 109 107 106 105 105 102 100 92 85 83 78 73 63 40 40 
35 38 39 41 41 41 45 45 46 52 53 82 84 89 97 101 102 102 110 113 115 117 139 148 
2717 13
137 125 123 119 95 90 84 82 54 53 48 44 37 
33 44 55 59 59 71 79 122 127 133 134 147 149 
3763 52
146 146 145 144 140 132 129 125 123 121 121 119 118 112 111 108 103 100 98 97 95 93 91 89 89 88 87 81 81 74 74 73 72 66 65 64 61 59 58 57 53 49 47 46 45 41 38 38 36 33 33 30 
33 33 36 37 42 43 44 48 50 56 63 64 64 69 71 72 77 82 84 84 88 89 89 90 90 94 95 96 97 98 103 104 105 114 114 121 123 125 126 127 129 130 130 132 133 134 137 138 139 140 141 145 
4297 45
144 144 143 140 140 137 135 134 128 123 123 120 120 120 117 117 117 114 110 109 106 105 102 102 92 92 90 89 88 87 84 77 73 71 64 61 54 53 52 50 48 48 40 38 30 
30 36 38 38 39 40 45 48 48 50 50 50 52 53 54 58 63 69 73 74 76 76 76 78 79 81 83 83 83 91 97 99 102 102 110 114 115 115 122 125 126 127 142 146 146 
1733 35
149 138 137 134 133 131 129 127 125 122 120 119 119 117 112 111 103 102 100 99 94 94 79 78 69 68 67 66 64 59 58 52 46 46 42 
31 33 37 47 47 58 59 61 65 67 67 71 74 77 84 98 98 99 101 105 105 109 114 118 120 124 126 126 130 131 139 139 142 142 143 
2235 35
142 141 141 137 126 123 119 113 113 108 104 91 90 89 88 86 81 80 78 78 77 74 71 68 68 65 62 62 53 52 50 48 47 40 38 
37 39 41 46 47 61 61 68 70 72 73 74 78 81 81 81 87 97 101 106 106 107 110 112 114 124 124 129 130 141 141 143 145 146 148 
1954 21
148 134 118 105 86 86 85 80 78 74 68 64 63 56 48 47 45 38 37 35 31 
32 54 56 57 64 70 72 73 82 91 105 112 112 118 125 133 133 136 145 147 149 
565 25
148 144 136 133 129 122 120 118 114 112 111 104 99 93 85 81 78 74 72 63 61 57 55 38 35 
30 35 36 45 47 56 58 68 77 77 85 86 86 87 91 91 94 116 118 124 130 136 137 137 143 
6467 9
114 87 68 66 62 54 50 41 39 
31 49 60 70 72 76 82 130 145 
2149 10
143 138 121 119 115 81 76 38 33 32 
34 36 63 85 99 108 111 111 117 139 
2315 45
149 142 141 140 134 131 124 122 120 117 117 115 110 105 102 99 99 97 96 95 94 93 92 92 90 89 84 83 80 80 79 79 76 73 67 64 59 58 58 55 54 52 52 42 42 
31 33 34 40 40 45 46 48 51 56 59 66 67 69 71 71 76 77 78 80 80 86 91 91 94 95 99 102 102 102 110 112 118 119 121 123 127 132 134 139 142 144 147 147 148 
4118 29
148 147 145 134 133 127 126 125 123 94 90 86 83 83 81 62 60 60 54 54 54 52 51 47 43 39 34 34 31 
34 45 45 51 51 58 59 63 63 68 80 84 90 90 96 99 104 107 111 111 121 122 122 124 125 130 137 142 145 
3217 22
140 135 129 126 107 100 95 95 90 87 75 75 74 63 62 56 52 50 47 44 40 30 
32 34 40 40 49 52 54 60 62 73 84 100 104 109 112 116 119 120 127 132 141 149 
3581 18
148 145 144 144 137 117 113 105 101 92 80 68 65 65 55 48 32 31 
30 34 41 45 47 52 63 68 69 70 80 83 85 93 107 113 118 149 
4732 52
141 139 136 130 126 120 116 116 115 111 110 109 108 105 100 99 98 96 96 96 96 94 93 91 89 83 82 76 75 72 72 68 66 65 64 64 60 59 57 54 53 51 50 48 45 41 40 38 37 33 33 32 
31 34 34 34 39 46 48 53 57 58 67 73 77 80 81 86 87 89 91 92 93 94 95 96 98 98 101 101 102 106 111 111 112 112 114 116 118 119 123 123 123 125 125 125 126 126 128 129 130 132 137 144 
871 27
143 142 140 139 135 135 118 112 111 110 109 104 101 101 100 99 95 92 88 87 87 58 53 50 45 36 35 
34 42 43 49 50 53 57 62 65 65 72 77 79 79 85 96 105 107 107 107 107 126 127 131 134 135 143 
7172 49
146 144 143 141 139 137 132 129 124 123 116 116 116 116 115 110 105 101 98 98 97 92 90 89 89 83 83 77 76 75 74 70 68 64 59 58 54 53 53 51 49 45 45 44 43 39 35 35 34 
30 31 36 38 40 40 41 46 48 55 57 58 59 62 63 63 68 75 76 80 83 86 87 88 90 91 95 100 102 105 105 106 107 108 113 114 115 115 116 121 127 134 144 144 145 145 146 146 146 
1486 40
149 146 142 140 137 134 127 127 113 112 111 110 108 105 100 98 98 96 94 93 88 85 78 75 72 68 64 64 63 59 57 56 56 51 51 49 48 39 36 32 
33 37 37 39 43 45 48 52 55 55 56 65 71 76 80 82 82 83 84 85 91 94 94 94 96 97 101 101 102 103 106 112 115 117 121 124 130 140 143 145 
5371 7
146 123 118 113 92 81 71 
34 39 41 73 113 117 125 
849 33
148 144 141 140 140 138 138 134 131 128 119 117 108 103 102 95 92 87 79 78 70 69 67 63 63 61 60 57 52 45 38 36 35 
33 37 37 39 41 44 49 50 51 54 56 57 58 59 59 60 64 73 74 79 81 91 97 103 105 115 116 128 128 129 129 134 142 
4370 23
149 147 140 128 128 122 113 110 108 105 103 95 92 78 61 55 52 49 46 45 37 35 34 
38 39 55 64 69 70 70 70 75 75 83 87 87 93 99 123 125 135 136 136 140 147 148 
4321 12
143 137 106 100 99 63 58 54 44 44 41 30 
38 45 59 70 77 83 94 95 111 117 117 143 
5714 37
147 144 142 142 140 135 134 130 124 122 120 118 118 116 112 110 107 106 106 102 99 97 91 90 89 89 88 84 77 65 63 58 53 35 35 34 32 
31 63 64 65 66 71 73 75 80 82 87 91 92 94 95 96 100 100 102 104 106 107 109 112 115 116 116 119 120 123 125 132 134 141 145 145 148 
5678 5
135 95 84 44 42 
37 57 96 131 148 
6730 10
149 148 141 124 119 81 69 48 37 33 
37 37 48 49 70 108 139 143 144 146 
1171 25
143 142 139 137 136 135 131 128 124 121 119 115 114 106 104 103 99 85 81 64 56 56 55 47 42 
35 40 46 49 51 52 53 62 63 73 73 75 84 87 105 106 111 114 115 119 133 134 140 142 143 
6361 50
146 141 139 138 138 136 136 136 135 135 133 132 127 122 121 120 117 115 115 108 108 104 101 98 97 92 86 85 83 82 81 80 79 76 66 65 64 63 59 58 58 57 54 52 50 48 41 41 39 30 
31 32 32 34 38 39 42 44 44 46 48 48 52 54 55 55 57 66 66 70 70 71 71 71 82 82 87 90 92 94 97 99 100 100 104 106 108 108 111 112 113 114 120 121 135 138 141 143 143 148 
4608 15
141 137 136 123 108 77 75 71 60 57 50 48 45 44 34 
34 43 48 48 64 69 87 92 117 123 125 129 129 140 147 
563 39
149 146 137 131 126 124 118 116 110 109 107 106 105 104 102 98 98 97 94 92 89 87 78 77 76 74 71 66 63 63 60 60 60 58 55 54 47 46 34 
34 37 45 46 50 52 53 54 54 68 71 74 78 80 82 84 86 102 102 103 103 105 105 113 114 115 115 117 120 121 125 128 131 134 137 139 146 147 149 
1805 39
149 146 141 138 137 131 130 129 127 123 123 122 113 108 105 105 104 104 100 91 91 86 86 85 83 80 75 73 71 66 59 54 50 50 49 37 36 33 32 
31 33 37 44 45 45 54 58 58 58 61 61 61 63 63 68 74 76 80 81 85 85 90 92 95 95 97 99 100 110 113 119 123 125 127 128 138 144 149 
4878 18
148 145 143 135 133 132 119 117 103 95 90 83 71 69 61 58 54 41 
54 54 71 76 97 105 106 116 120 123 125 126 136 137 139 139 142 143 
4044 37
146 142 139 130 126 126 125 123 123 120 115 115 109 109 100 96 95 93 92 88 86 85 81 78 77 73 68 60 59 53 52 50 42 39 36 36 35 
30 34 41 43 46 48 48 50 51 51 51 51 54 58 62 69 70 76 78 79 80 84 92 104 111 114 115 120 120 122 124 125 135 142 146 147 149 
1852 46
143 139 134 132 128 126 126 125 122 119 118 118 111 108 107 104 101 96 95 95 95 92 89 82 82 81 78 76 73 72 68 68 63 63 57 53 51 49 48 45 45 41 38 37 37 31 
31 33 38 39 42 44 44 44 46 47 49 51 52 53 64 68 68 73 75 77 81 91 95 97 102 112 113 117 119 123 123 124 126 128 130 130 131 135 136 136 143 144 144 144 146 148 
2993 19
146 145 138 129 128 123 115 112 110 99 89 83 79 76 66 62 49 40 39 
38 40 43 47 53 74 84 85 98 98 101 104 116 119 127 130 138 140 148 
4020 42
147 147 146 142 134 130 129 128 122 118 118 114 114 109 108 106 104 101 94 93 92 89 89 83 82 81 79 76 75 65 65 54 53 51 51 50 49 47 43 40 32 32 
32 32 45 51 53 56 59 63 64 64 73 77 78 91 94 99 100 101 103 107 107 110 113 114 114 114 115 115 116 116 117 120 120 121 123 126 132 133 138 143 145 145 
367 44
148 144 143 143 141 128 127 127 126 125 123 121 118 117 115 112 111 109 106 102 96 92 90 89 87 86 81 80 77 77 75 73 68 66 65 61 59 50 49 48 48 37 35 35 
30 35 36 39 41 47 60 64 64 65 69 69 74 76 76 77 80 82 82 84 85 87 89 93 95 97 98 105 105 105 110 110 112 112 113 114 115 115 120 122 126 127 145 148 
4810 14
136 134 119 102 94 94 92 80 79 77 70 68 61 57 
30 43 57 57 61 63 69 75 78 94 102 102 139 140 
6445 13
149 148 143 133 127 113 93 87 87 81 56 53 49 
38 48 55 60 60 90 90 101 122 129 136 142 146 
4782 15
126 122 115 109 106 91 88 81 65 62 56 49 47 39 36 
39 40 45 45 56 60 61 74 75 84 94 112 114 129 138 
4500 20
148 135 135 134 124 124 122 113 105 103 98 97 78 56 53 49 33 32 31 30 
31 32 39 41 44 50 60 63 64 71 91 98 101 104 111 126 136 137 144 149 
1670 11
133 124 123 116 90 76 58 57 44 38 32 
34 44 47 59 72 73 98 101 104 110 149 
7005 6
129 91 69 66 50 36 
33 34 45 68 73 105 
1688 7
146 143 135 112 91 85 69 
87 93 100 103 106 138 140 
3846 28
145 138 132 131 130 129 124 123 103 103 101 100 86 82 77 77 73 68 67 57 54 51 49 41 36 34 33 32 
31 32 38 57 60 61 63 63 66 71 74 81 89 90 91 93 103 105 106 108 108 109 122 126 139 141 142 147 
3278 45
146 145 141 136 132 132 130 123 121 119 119 115 110 107 105 99 98 89 88 83 77 76 76 74 73 71 68 68 67 67 66 64 62 60 58 55 51 45 44 39 35 34 33 32 32 
31 31 32 34 38 43 48 49 55 61 63 64 66 69 72 75 77 83 89 92 94 98 101 102 102 105 107 111 112 114 116 117 118 124 125 127 128 130 131 131 131 135 137 144 149 
6994 12
138 138 132 128 126 120 118 112 72 63 49 42 
40 50 58 89 105 106 111 120 121 131 146 149 
3986 14
148 146 145 128 126 106 75 71 70 60 60 59 37 36 
39 41 46 55 56 57 57 64 67 89 101 107 130 138 
5280 41
142 142 139 138 135 129 128 127 127 126 124 120 116 115 115 108 105 99 98 93 89 87 82 74 73 70 65 64 62 58 53 52 51 51 49 48 46 46 40 32 30 
34 40 40 47 50 55 57 58 60 62 66 67 74 75 76 80 84 85 85 86 90 91 94 94 97 100 102 102 106 118 130 131 131 133 135 135 136 137 144 146 146 
2506 9
146 137 136 113 107 102 73 68 57 
33 60 61 68 95 107 115 115 117 
6195 15
113 113 108 107 104 91 88 86 82 73 72 59 54 53 44 
36 82 85 91 91 92 97 104 123 133 134 139 142 145 146 
5383 20
147 133 133 109 101 101 98 97 91 88 84 83 83 74 69 64 55 53 50 50 
30 35 43 49 49 51 53 59 62 65 68 71 77 84 93 101 102 120 121 122 
916 20
144 140 138 135 129 125 105 97 95 95 79 76 65 63 63 62 57 46 36 31 
36 38 42 55 65 75 80 81 82 91 108 109 111 114 117 120 123 127 129 139 
472 33
148 140 139 135 133 127 125 117 115 112 109 107 102 94 92 92 91 82 77 60 58 58 54 54 54 53 52 49 46 42 38 32 31 
31 31 32 32 33 42 49 53 54 55 63 69 72 82 82 84 85 90 94 96 100 101 102 102 110 111 112 116 127 128 133 137 149 
5602 6
117 81 76 71 67 55 
70 90 96 109 122 124 
5517 25
148 138 136 130 126 123 118 104 104 102 100 98 87 81 74 68 66 63 57 55 55 54 39 36 35 
38 41 49 56 58 60 65 71 71 78 81 84 86 93 94 96 102 111 119 121 132 135 141 144 149 
5675 37
148 145 144 133 126 126 123 120 119 116 116 115 111 103 95 92 90 90 86 84 81 79 79 71 69 69 68 66 65 52 42 40 38 35 33 30 30 
34 36 38 42 46 47 47 49 59 61 63 68 69 69 71 80 84 86 88 90 95 95 97 98 106 112 114 115 124 126 129 134 137 139 140 147 149 
7091 42
145 142 138 134 128 127 125 123 122 116 115 113 113 112 112 111 110 107 105 103 100 93 92 89 84 82 82 72 65 64 63 56 53 52 47 43 38 38 37 36 34 30 
33 33 38 39 42 46 48 48 50 51 54 54 55 56 59 60 71 73 80 84 87 91 92 96 96 101 104 105 108 115 117 119 121 124 125 129 132 134 140 142 142 143 
1980 52
149 148 147 145 142 142 135 132 129 127 123 123 117 115 114 114 110 108 106 103 99 99 98 97 95 94 93 92 90 86 83 80 76 73 73 67 66 64 58 57 49 49 48 46 45 43 42 39 36 34 32 32 
30 33 35 37 38 38 43 46 46 49 52 57 58 58 59 66 68 69 69 70 71 73 74 76 85 89 91 92 93 97 98 98 98 100 103 103 111 111 123 129 130 131 131 132 133 134 137 142 147 147 147 149 
3605 51
149 148 146 144 143 139 137 134 134 132 126 118 117 115 111 111 107 106 105 103 100 96 93 92 90 87 86 85 82 79 76 75 74 72 71 71 67 66 61 59 53 49 44 44 42 39 38 37 36 34 33 
30 31 37 40 45 48 55 56 57 59 62 67 70 71 73 73 74 75 75 77 79 79 85 88 92 95 95 96 97 97 100 100 100 103 105 108 109 116 118 121 125 129 133 134 136 139 139 141 141 141 142 
4204 41
147 136 134 133 132 132 129 118 113 111 109 109 107 107 106 105 101 100 99 98 93 93 92 86 86 84 84 83 82 78 62 55 50 49 48 46 45 43 43 32 30 
31 39 40 42 44 46 48 52 53 55 60 61 65 66 69 70 71 73 73 74 74 77 78 80 83 83 89 89 93 95 98 110 113 117 120 121 132 136 136 136 147 
5889 37
148 147 144 140 140 139 135 127 119 113 113 107 103 101 99 96 95 88 86 85 82 81 79 75 74 69 69 67 65 60 56 52 50 41 38 34 33 
30 30 32 35 37 45 46 50 57 60 60 62 62 68 72 74 78 80 81 82 83 102 105 115 119 120 121 122 125 126 128 129 131 139 142 145 148 
2809 34
147 141 141 132 126 123 120 119 118 116 113 111 110 108 101 99 96 95 91 87 85 83 79 78 78 72 69 56 53 50 49 41 34 33 
31 38 55 56 61 62 64 67 69 71 73 73 81 84 86 91 95 97 97 97 99 102 105 106 107 111 116 118 121 127 136 138 143 143 
4431 42
146 144 144 144 142 133 130 120 119 117 115 114 114 111 110 108 106 105 105 99 98 94 94 90 85 83 81 76 75 70 65 64 61 60 54 53 44 43 42 39 38 35 
30 37 37 41 45 45 46 49 54 55 58 59 61 71 74 78 78 79 83 83 87 88 90 92 94 95 96 97 98 98 99 102 105 108 125 126 139 143 146 147 147 148 
5837 13
147 131 129 118 99 87 86 77 69 68 67 58 47 
34 34 35 43 63 64 72 83 119 127 135 139 145 
2079 50
147 147 140 138 127 127 124 122 121 120 119 118 117 116 114 112 111 111 111 110 109 107 106 103 102 101 100 89 88 76 71 70 66 66 62 61 60 57 56 55 53 46 46 41 35 33 32 32 31 31 
30 30 32 35 35 41 41 45 51 53 58 70 70 71 72 77 78 78 79 82 85 89 89 92 105 105 108 111 112 114 117 118 121 122 125 130 131 132 135 135 138 138 138 139 139 142 143 145 146 147 
2045 35
148 148 147 147 127 124 124 116 116 115 113 112 110 109 101 94 91 87 82 81 77 76 76 76 69 69 68 65 64 61 54 52 39 38 31 
31 31 32 35 36 38 42 52 55 57 60 62 66 70 73 75 75 79 86 93 96 99 104 105 114 120 121 122 137 137 137 138 142 147 149 
5808 35
143 143 140 139 138 136 135 134 134 129 128 127 117 114 104 99 93 89 89 82 81 73 66 66 60 58 56 50 46 45 39 32 31 31 31 
34 36 41 43 44 52 55 55 56 59 63 64 64 65 74 75 77 78 80 87 89 93 96 99 99 100 100 101 109 111 112 120 126 134 140 
1331 16
133 121 113 111 108 102 78 77 74 71 60 49 48 44 41 40 
33 34 40 51 55 68 69 78 87 110 113 114 130 139 146 149 
2539 17
141 135 135 124 117 116 104 103 99 96 91 68 65 61 35 35 32 
31 55 70 71 74 80 92 95 98 100 104 109 111 114 114 120 146 
495 32
149 149 147 145 145 142 131 127 127 121 106 94 94 91 83 80 79 71 59 56 56 54 48 46 46 38 37 36 34 33 32 30 
49 51 53 54 55 58 58 59 64 64 67 68 70 71 79 81 83 87 88 92 92 101 104 114 117 120 122 131 133 133 135 140 
6435 34
148 145 138 131 130 127 127 121 119 116 108 107 103 102 99 98 95 91 87 81 79 78 77 72 68 62 61 58 56 53 52 44 36 34 
31 41 42 45 48 48 51 53 61 70 72 72 72 74 83 84 90 91 92 92 100 103 108 110 116 118 119 121 124 130 131 134 138 145 
1370 41
146 144 141 141 139 138 137 126 124 124 122 121 119 118 118 116 110 108 98 96 93 91 86 77 73 73 72 72 71 71 69 68 65 60 52 52 51 50 42 39 30 
30 31 33 35 36 39 41 43 45 47 49 51 52 54 56 63 67 69 70 74 74 79 84 84 85 87 92 98 99 106 107 113 116 117 126 127 130 131 135 137 137 
3994 10
147 133 129 128 108 93 61 46 42 30 
31 50 69 70 107 108 137 140 144 146 
5759 51
148 136 134 133 130 129 127 126 124 118 116 114 110 110 108 104 102 100 100 91 88 86 86 82 81 80 79 79 76 71 71 69 65 65 64 63 58 57 55 55 54 53 52 52 48 46 44 36 35 35 30 
30 30 33 33 35 35 36 38 42 45 45 47 52 54 56 57 60 60 62 62 63 64 69 70 70 71 76 81 88 92 92 98 103 106 107 110 110 116 119 120 121 122 123 127 129 131 131 133 140 143 145 
6301 16
148 146 140 134 123 118 113 101 100 97 82 75 71 55 54 33 
31 39 43 44 55 77 89 97 102 103 108 110 112 112 128 149 
981 53
147 146 144 142 141 139 139 138 136 135 135 134 130 127 126 125 124 121 119 115 111 110 110 103 92 87 83 82 79 78 78 77 74 73 72 71 70 68 65 63 51 51 51 49 47 44 42 37 37 36 33 33 30 
31 34 36 45 45 47 52 52 57 58 59 65 76 77 77 78 80 83 85 90 92 96 97 101 105 105 109 111 112 114 116 118 120 121 124 126 127 129 129 131 132 136 137 140 141 141 143 144 146 146 147 148 148 
2861 5
130 121 113 49 43 
48 50 63 69 141 
2797 22
145 144 139 139 109 106 103 102 101 100 99 90 86 86 82 82 80 61 61 56 55 50 
33 38 43 64 64 70 70 83 85 91 97 100 105 109 118 120 139 140 141 142 143 144 
3375 40
142 141 141 140 139 139 138 131 130 129 128 124 121 121 119 114 102 102 102 99 97 97 80 77 72 64 64 62 58 56 54 53 53 49 44 36 34 33 32 30 
30 35 40 41 50 50 60 61 64 64 66 67 70 73 73 74 75 77 80 81 90 105 105 106 108 109 110 111 112 113 114 118 119 121 130 131 131 138 146 149 
1739 34
145 141 140 140 132 130 120 118 116 115 110 109 109 107 96 95 90 88 83 79 78 74 68 66 64 58 52 51 45 41 40 37 34 30 
30 33 36 38 41 44 45 49 50 51 52 54 59 64 64 75 76 80 82 83 85 92 93 96 115 123 129 134 135 143 145 147 147 148 
2681 47
148 148 147 143 138 133 133 132 131 128 125 123 118 117 116 115 114 112 106 104 104 102 96 92 92 92 89 89 86 81 78 75 69 69 66 66 62 54 50 49 41 41 37 36 33 33 32 
31 36 37 38 39 41 41 44 47 53 55 56 56 60 65 68 71 77 78 78 85 87 90 92 94 95 99 100 100 104 105 106 107 107 108 109 110 111 113 113 114 117 117 124 130 130 133 
2675 9
138 118 77 65 65 63 49 39 30 
43 50 60 63 84 96 118 118 137 
1970 53
148 146 143 141 141 140 139 139 137 136 133 133 127 125 120 120 119 118 117 116 113 112 112 106 106 105 102 100 98 97 93 92 89 89 89 88 77 75 74 72 68 67 67 66 64 60 57 54 52 48 43 42 35 
31 33 39 41 41 44 45 45 46 47 47 53 55 57 58 58 59 61 63 66 71 79 79 79 83 83 87 90 92 93 99 103 104 107 109 112 113 114 115 118 121 126 126 128 129 131 132 136 137 143 145 146 149 
5014 49
147 147 146 145 145 141 139 137 135 135 132 128 122 121 120 116 116 103 103 100 100 97 97 96 93 93 91 91 91 89 85 83 83 80 76 75 73 72 70 65 64 63 61 56 52 46 41 31 30 
30 33 35 37 43 48 50 51 56 57 57 60 64 64 66 69 70 71 74 75 77 78 79 80 85 87 88 91 91 100 100 100 105 106 106 110 111 115 115 119 120 121 125 125 127 135 143 144 149 
1347 53
149 146 143 136 135 134 132 130 130 123 121 121 119 114 111 106 106 105 102 102 99 97 96 94 93 93 92 88 86 82 81 81 80 78 76 76 74 72 72 71 67 65 64 63 61 60 54 53 51 50 49 44 37 
30 34 34 43 43 44 47 48 48 50 51 54 54 54 55 62 63 64 65 67 67 68 70 74 76 78 80 91 93 95 104 104 105 107 108 109 118 118 121 124 125 125 132 133 133 134 136 139 141 142 145 148 149 
534 32
145 144 143 139 137 136 135 133 131 125 120 120 116 116 111 110 102 97 97 96 95 94 90 71 69 67 66 66 66 45 41 38 
31 33 42 53 59 60 66 67 71 77 82 94 97 97 98 99 100 102 110 115 116 118 118 120 121 121 121 135 138 139 139 148 
4578 41
147 145 134 132 123 120 118 116 114 112 108 107 104 104 102 100 99 98 98 98 95 94 94 84 72 70 68 62 62 61 58 56 53 51 49 49 46 44 40 39 38 
30 32 34 35 37 37 39 40 41 43 46 61 63 72 76 77 78 85 85 87 87 88 100 102 105 109 113 113 114 118 128 130 133 133 134 139 140 141 143 144 147 
6363 24
141 140 131 130 124 119 113 113 112 98 98 86 81 78 73 62 54 49 46 44 44 39 38 35 
31 35 35 43 46 49 56 57 61 67 68 78 88 93 94 104 110 114 115 119 121 129 142 142 
3170 22
147 146 146 141 141 137 126 125 123 104 98 98 97 96 95 95 82 82 76 56 45 32 
37 37 45 46 54 56 58 60 63 65 71 72 76 78 80 112 122 127 128 129 139 143 
3752 51
149 145 136 135 133 130 125 125 125 123 121 120 119 119 116 110 109 109 106 99 96 95 93 87 85 81 80 76 74 72 68 67 66 58 58 58 57 56 51 50 50 50 45 43 42 41 38 36 36 32 32 
30 35 35 38 43 43 45 46 55 56 59 61 62 63 66 73 73 74 79 80 80 81 84 84 88 89 93 95 96 96 96 98 101 106 107 113 117 119 120 121 123 123 124 125 130 135 137 138 138 142 145 
3459 29
149 144 139 133 132 110 109 108 107 96 94 92 92 86 84 77 75 69 62 59 58 55 51 46 45 42 37 32 31 
34 37 49 51 54 56 57 59 65 68 77 78 81 82 84 89 89 93 95 98 99 100 105 116 117 117 118 120 143 
1388 46
147 146 144 140 140 137 136 131 130 127 121 119 117 116 116 116 106 100 99 99 99 95 91 84 82 81 80 79 71 68 65 60 56 55 53 53 52 52 51 49 47 46 45 45 45 31 
30 37 37 39 46 46 47 48 52 54 56 62 66 70 70 73 73 86 87 88 90 90 92 97 101 104 111 112 112 112 118 121 123 126 126 127 131 131 135 135 140 140 140 145 148 148 
1342 41
148 146 144 139 138 134 133 133 132 107 104 95 95 92 85 80 79 76 75 72 67 65 64 60 55 52 50 50 46 45 45 45 44 44 42 41 40 37 36 35 33 
30 34 35 36 37 43 47 55 56 57 57 59 60 65 70 72 74 78 86 89 89 89 95 96 97 103 107 109 114 115 115 123 123 126 126 130 132 135 137 140 147 
6779 43
144 138 138 137 136 124 123 120 118 115 107 106 104 101 96 94 94 93 91 90 86 77 76 75 74 72 68 68 62 55 51 51 50 50 47 41 40 40 39 39 37 33 30 
31 36 37 40 40 43 45 55 64 67 73 79 84 84 84 86 88 89 91 97 98 103 105 111 111 114 119 119 120 120 124 126 127 129 130 132 132 139 142 144 146 149 149 
2929 41
147 139 139 136 133 128 127 126 126 126 123 122 119 118 118 114 108 108 106 105 101 100 98 94 81 81 71 70 70 61 60 59 52 51 43 41 37 35 35 33 31 
34 36 39 40 56 59 60 60 67 70 75 78 83 85 90 92 92 95 98 101 102 104 105 111 111 111 112 113 114 116 124 126 137 137 138 139 140 142 143 144 148 
808 53
148 144 140 139 136 128 128 127 126 126 122 118 117 116 113 113 107 105 105 105 104 102 101 99 99 98 95 89 86 79 78 77 77 75 74 67 63 59 59 57 53 53 52 49 49 45 43 42 42 41 36 35 32 
30 31 32 34 37 37 37 38 39 39 44 45 47 49 51 54 54 54 56 58 67 72 72 75 76 82 85 85 90 91 91 97 98 100 101 105 106 109 110 112 114 116 118 128 129 130 130 133 134 137 142 143 149 
3785 9
142 137 137 92 86 68 54 53 43 
32 36 59 93 110 118 136 146 148 
6382 52
149 148 148 148 147 147 146 144 142 141 137 135 129 128 122 121 121 117 112 107 105 100 96 94 91 90 86 80 77 76 74 73 69 69 68 54 50 47 44 44 43 40 40 40 37 37 36 36 36 35 33 31 
33 36 36 41 41 46 46 50 52 53 55 55 59 63 64 65 67 72 74 74 75 80 83 85 88 89 89 93 93 96 98 107 108 109 110 114 122 123 124 125 126 127 127 131 132 135 139 139 144 144 146 146 
1351 25
134 128 127 127 127 118 115 111 109 105 98 96 93 91 91 71 64 61 59 56 56 46 43 43 34 
49 52 58 59 61 65 69 79 83 85 97 100 102 108 109 113 120 122 126 126 127 131 138 143 147 
5421 15
129 97 95 91 91 87 87 79 72 54 54 50 47 44 33 
33 35 40 45 63 76 89 90 98 106 114 118 125 141 148 
1756 31
140 136 135 128 109 107 104 100 89 87 87 87 84 81 79 78 78 67 67 63 58 55 53 53 52 44 40 40 39 38 37 
30 39 42 44 52 54 58 58 58 59 59 61 64 66 72 82 96 100 104 106 108 113 115 116 121 128 132 132 141 141 149 
531 38
149 148 147 144 132 131 130 128 124 121 119 118 115 114 112 111 108 106 103 101 100 96 96 95 94 78 76 76 66 64 62 53 52 51 43 40 38 30 
30 39 40 41 50 51 55 58 62 67 68 78 78 81 81 86 86 88 89 89 90 91 94 98 102 111 114 114 118 120 125 126 127 135 139 140 140 145 
4649 11
140 140 129 127 98 94 71 67 48 36 34 
33 38 41 88 93 110 113 115 120 136 149 
4055 36
149 143 137 137 133 133 130 129 128 126 117 115 113 111 110 104 101 101 100 99 98 95 94 90 89 87 84 83 72 66 55 49 43 36 34 32 
30 31 31 33 36 43 44 51 56 65 67 75 76 78 80 87 88 96 98 100 100 102 107 109 115 116 117 117 121 126 131 140 140 142 143 145 
5024 10
149 143 134 115 111 98 76 39 39 31 
31 35 40 50 64 66 90 104 105 134 
602 41
146 144 144 143 143 137 136 135 127 124 117 115 114 113 111 111 106 105 99 98 92 92 89 88 80 79 72 71 69 67 58 55 51 50 47 44 44 42 36 32 32 
31 32 33 37 37 37 38 39 45 47 49 52 60 67 69 70 71 74 82 84 89 94 96 97 100 106 108 109 111 113 115 115 117 120 125 128 132 141 143 143 145 
2480 53
148 147 146 146 144 137 135 134 134 132 129 129 127 125 123 110 101 100 98 96 93 92 85 85 82 81 79 77 76 76 75 71 70 68 67 65 65 65 59 57 54 50 49 46 43 43 43 42 41 40 38 36 32 
32 45 49 53 53 54 57 57 60 64 65 66 68 68 73 74 74 77 78 80 82 85 87 88 91 95 97 97 99 101 102 106 107 109 109 109 111 114 117 119 119 119 121 121 124 129 129 133 137 139 142 143 145 
5873 13
139 137 130 127 125 120 118 95 92 82 76 72 49 
35 46 49 59 68 71 79 81 86 90 91 114 147 
1843 52
147 147 145 144 142 138 137 135 128 125 124 123 118 117 113 112 110 109 109 107 100 96 94 90 89 88 81 79 79 78 77 75 74 73 71 64 64 63 59 57 52 52 49 47 47 47 43 35 34 33 32 30 
30 32 33 34 34 36 36 37 38 41 41 41 42 42 48 49 50 53 54 55 61 62 67 70 72 73 78 81 82 84 98 98 100 100 101 104 113 114 114 115 118 125 126 126 128 128 130 138 145 146 146 149 
5176 50
147 144 143 141 141 132 129 129 125 121 120 119 114 113 112 112 111 109 107 102 98 97 94 92 92 85 84 82 76 74 73 69 63 63 63 59 55 55 52 51 51 50 48 47 46 41 41 35 33 31 
34 37 39 41 45 49 50 51 65 66 73 77 78 78 78 79 79 79 79 81 84 87 88 90 95 97 99 99 100 102 102 102 103 104 108 115 116 117 121 121 125 126 128 129 130 137 139 142 146 147 
475 54
149 147 146 144 140 134 127 127 117 117 115 112 112 110 110 105 102 96 96 95 91 90 87 86 79 78 76 75 75 74 68 65 65 61 58 56 56 56 52 51 51 50 48 43 42 41 41 39 37 35 34 31 30 30 
30 34 38 52 55 58 60 61 62 63 64 65 66 67 72 72 74 78 80 81 83 83 86 88 88 92 92 92 97 97 98 99 99 100 101 101 104 109 115 120 125 127 127 129 132 132 133 138 139 142 145 146 147 148 
3191 24
137 134 128 125 124 116 112 100 100 99 90 71 68 67 66 64 64 56 56 52 46 46 43 32 
35 35 38 43 43 47 48 48 48 52 59 67 80 86 91 92 95 97 101 103 127 136 140 145 
864 50
143 141 137 137 137 136 134 133 131 131 130 129 128 126 120 118 118 107 106 105 103 101 100 99 99 94 92 91 90 89 89 88 84 84 73 70 69 69 65 62 62 62 57 54 51 44 42 40 35 30 
31 32 32 39 42 42 42 48 49 53 56 64 64 64 65 70 73 81 82 83 84 87 93 101 102 103 103 103 106 106 108 112 112 114 114 117 118 120 121 128 130 131 131 131 135 135 139 143 149 149 
2611 45
147 139 138 135 129 127 122 120 118 114 109 106 104 103 102 96 95 94 88 86 86 85 84 84 81 77 73 71 71 68 67 67 64 62 62 53 51 51 49 39 38 36 33 33 31 
36 37 39 43 54 55 56 59 61 62 64 69 69 73 74 77 79 85 91 96 99 100 101 104 106 110 113 117 118 118 119 121 122 122 122 124 127 128 129 129 132 136 142 143 143 
6278 50
147 142 142 141 138 137 135 133 120 117 117 116 115 111 107 104 103 98 96 92 91 91 89 88 81 80 76 73 73 70 70 68 68 66 63 61 60 59 59 58 58 57 54 52 51 47 43 40 35 33 
31 32 33 39 41 41 43 49 50 52 52 52 53 55 56 58 59 60 60 61 61 64 65 66 71 71 72 73 77 81 82 82 93 100 105 107 108 114 118 118 119 119 121 121 126 128 138 140 145 147 
883 52
148 143 140 138 137 137 134 134 132 132 129 128 126 125 124 123 117 115 115 113 112 111 109 101 99 96 96 94 91 91 88 86 86 85 81 80 75 72 70 68 63 58 56 55 53 49 46 43 38 36 35 32 
32 33 36 41 42 42 43 44 44 48 51 53 53 53 53 55 57 65 65 65 69 74 74 75 77 84 87 89 91 92 94 95 103 104 111 112 120 120 121 125 127 132 132 133 137 138 138 143 143 144 146 148 
1463 6
148 144 139 131 99 54 
32 49 66 70 139 148 
3663 45
148 148 139 135 135 132 131 128 126 124 120 118 118 115 107 105 101 92 92 91 91 89 87 86 82 77 74 73 65 63 63 55 53 53 50 49 49 47 46 44 43 43 41 38 35 
31 35 37 37 42 42 51 55 58 60 61 62 71 72 74 76 80 83 85 87 90 93 93 106 107 108 113 113 114 128 128 131 133 133 135 137 137 137 138 139 145 145 147 147 147 
5537 33
145 144 143 143 138 138 138 134 134 124 124 121 117 116 111 108 108 105 102 98 94 89 83 80 74 68 60 55 45 44 37 32 30 
30 37 49 49 55 56 69 73 74 75 79 82 83 87 91 95 99 101 103 103 107 109 115 119 125 129 132 134 137 141 147 148 149 
4596 47
144 142 138 137 137 136 134 133 129 126 125 124 120 119 114 113 111 106 102 101 95 94 93 92 88 87 87 85 85 78 77 77 75 73 72 72 71 71 68 55 54 51 50 48 46 41 38 
36 37 38 39 51 55 56 59 60 60 61 65 68 69 70 72 72 76 77 79 80 81 85 86 89 89 89 91 93 93 97 97 100 108 109 115 119 122 127 127 135 137 139 139 140 144 145 
4327 6
146 141 140 97 90 65 
57 69 85 98 107 133 
5103 40
146 145 141 140 139 138 137 132 131 124 124 122 122 119 108 105 102 92 91 90 90 82 79 77 74 74 73 65 63 58 57 57 54 53 52 51 45 44 38 30 
33 36 37 42 45 47 49 54 55 56 57 57 57 57 59 60 60 69 71 74 74 76 78 87 89 93 99 100 107 111 111 112 113 116 118 119 119 123 129 132 
4294 20
144 139 136 136 113 108 108 97 95 94 86 75 75 74 62 56 55 54 53 50 
34 35 37 56 67 83 86 89 92 94 96 98 100 101 101 106 111 119 122 126 
4752 20
148 137 136 134 124 111 111 104 95 82 81 81 79 68 61 48 46 43 38 36 
33 34 35 36 40 44 47 48 53 67 70 81 83 106 107 117 118 120 122 127 
2374 34
149 148 145 130 127 123 109 108 106 106 105 100 95 93 93 91 85 82 82 80 74 73 67 64 62 61 58 56 46 45 42 37 34 33 
32 39 45 49 50 60 60 70 77 79 88 89 91 91 92 96 98 101 103 104 106 112 112 118 119 121 124 131 136 137 141 144 145 148 
2557 8
139 118 116 74 61 51 51 42 
42 55 85 95 96 99 110 136 
3328 35
141 138 136 133 132 124 120 119 119 112 111 107 103 102 102 101 101 100 99 99 94 93 90 89 87 85 78 78 67 61 50 50 49 49 46 
36 41 41 47 49 57 59 60 62 67 67 68 69 70 71 76 81 82 89 98 106 108 111 112 117 119 122 123 130 131 134 137 143 144 145 
3753 23
146 137 129 128 120 106 103 101 98 98 93 83 82 80 76 70 67 65 58 57 57 54 42 
35 52 57 59 61 63 69 76 81 82 86 86 104 106 109 115 116 133 134 140 143 146 146 
2057 48
149 145 138 137 136 135 128 127 126 126 123 123 120 120 115 111 111 109 104 103 101 100 99 95 94 94 88 79 79 78 75 74 71 69 61 60 57 56 48 45 43 41 39 37 34 33 32 32 
32 34 39 44 45 45 46 49 50 53 61 61 63 65 68 71 75 76 84 85 88 95 95 96 97 98 102 103 103 103 104 113 113 114 118 119 120 121 123 126 130 132 134 135 144 145 148 149 
1824 45
145 145 142 141 135 131 128 125 124 123 120 116 114 110 104 97 95 91 89 86 85 82 79 73 71 69 67 66 65 64 62 59 59 56 55 55 52 51 50 44 42 39 37 33 31 
33 37 39 44 46 47 48 50 55 63 64 68 72 72 73 74 80 80 86 87 101 102 106 106 113 114 115 116 116 121 122 123 125 130 131 133 135 139 140 143 147 148 148 148 149 
2846 24
149 146 145 139 139 133 129 109 109 106 105 101 95 80 80 79 75 63 63 60 53 49 42 40 
31 38 38 40 44 47 50 58 68 92 93 98 100 104 105 111 112 115 115 116 131 132 144 145 
2799 34
148 146 140 133 130 127 122 117 113 103 99 89 83 82 79 77 74 71 71 70 69 68 64 64 63 61 60 54 51 48 43 40 39 37 
43 45 50 53 57 59 61 64 69 77 79 89 92 93 94 99 100 103 103 105 105 107 110 111 111 111 112 117 117 121 121 136 143 145 
1182 30
145 134 129 128 124 124 124 120 119 119 117 109 108 101 100 92 92 79 78 73 63 63 61 60 52 47 40 31 31 30 
31 38 51 55 56 59 62 66 72 76 76 86 91 92 92 94 98 102 109 113 118 120 121 128 129 129 131 139 140 142 
1766 54
146 145 138 136 136 134 130 129 129 127 127 126 122 121 118 117 114 114 113 111 108 101 101 97 96 92 92 91 90 89 85 84 82 79 78 75 68 64 63 62 59 59 58 56 56 50 49 43 42 41 40 34 32 30 
30 31 32 34 35 37 37 38 39 42 45 49 50 50 51 52 52 58 58 59 62 64 65 69 71 73 81 81 84 86 87 90 90 92 94 97 98 105 108 115 123 123 123 124 126 128 130 131 132 136 139 139 142 142 
628 34
143 140 133 133 131 122 116 115 114 114 105 104 100 98 97 84 78 78 76 74 73 73 72 64 63 63 62 53 52 48 45 42 38 37 
31 38 40 43 52 54 61 62 63 65 65 66 76 87 87 88 92 93 99 99 101 102 109 117 117 120 122 125 126 133 134 139 140 144 
6080 41
148 146 144 143 141 140 139 138 134 134 133 131 130 129 120 116 111 111 109 108 106 106 106 100 99 97 95 92 74 64 60 59 53 47 46 44 42 38 38 32 30 
31 34 34 37 37 37 41 42 42 46 47 48 51 53 53 56 56 57 60 62 63 64 70 70 82 83 84 89 95 97 98 98 120 124 127 132 145 146 146 146 147 
2273 27
138 135 132 123 117 114 113 111 108 107 106 103 103 102 99 84 78 76 65 60 51 47 44 40 36 30 30 
30 33 37 39 45 48 54 55 60 62 63 67 74 76 86 88 89 92 96 107 108 118 120 121 133 134 144 
3276 12
132 126 125 114 102 102 97 82 80 54 37 36 
31 62 74 80 93 106 118 121 125 126 130 142 
3003 43
144 140 140 131 130 128 123 121 121 120 116 115 111 111 109 105 102 100 98 96 96 89 85 78 69 67 65 64 63 60 59 57 50 50 45 44 43 40 39 39 33 33 30 
35 38 39 45 45 48 50 52 52 55 58 60 64 64 68 68 68 71 82 83 83 84 85 97 98 99 100 102 108 118 118 118 120 120 120 120 120 124 133 133 141 141 145 
6035 41
142 142 134 134 133 132 132 131 129 125 121 118 115 115 115 110 103 102 101 101 100 99 93 87 84 81 78 72 61 59 59 54 53 51 50 49 48 40 37 33 30 
30 30 33 34 41 42 43 49 54 54 55 62 79 80 80 81 85 85 89 91 98 98 100 100 102 103 105 105 105 109 113 113 116 117 119 133 135 137 141 141 148 
658 38
146 143 142 140 139 137 137 136 134 132 132 127 121 121 119 118 117 116 113 113 110 108 107 94 86 85 82 77 73 71 68 67 63 54 53 52 48 30 
34 36 37 39 42 44 44 49 59 60 62 62 65 76 81 83 88 91 93 93 97 98 103 104 105 108 109 111 115 120 121 128 131 134 139 142 145 146 
4079 5
142 117 116 84 58 
63 95 104 105 127 
3034 49
148 146 142 137 137 136 133 132 131 130 129 128 120 117 111 108 106 106 106 97 92 88 88 80 77 75 75 73 71 69 67 65 63 63 62 61 58 52 52 49 48 48 46 43 39 36 33 32 31 
30 32 35 37 37 39 39 47 48 49 49 50 55 60 61 61 64 65 72 73 73 74 76 80 83 83 87 91 95 101 102 104 104 109 111 113 116 117 128 130 132 133 135 136 140 141 142 142 143 
6315 47
149 142 141 140 136 134 132 128 126 125 125 125 117 116 114 112 109 108 105 103 102 101 94 91 88 87 76 76 75 75 70 68 68 60 60 60 59 55 53 51 50 47 40 32 32 32 31 
33 34 37 38 41 42 43 53 53 61 64 65 66 68 70 74 76 81 84 85 85 88 97 99 100 101 101 106 108 109 109 109 110 113 113 115 115 121 131 131 134 134 135 141 141 145 148 
3938 19
146 124 123 117 116 110 93 88 84 83 83 78 75 72 51 48 37 34 30 
33 39 50 56 59 78 93 95 100 118 121 123 127 129 131 140 140 142 143 
1833 31
147 147 146 145 143 141 139 136 136 134 134 133 130 119 111 111 104 103 96 81 76 69 60 58 55 55 53 50 45 41 37 
30 33 33 42 45 47 48 50 50 60 65 65 66 68 74 84 88 88 92 96 104 106 107 117 120 121 130 137 138 146 148 
5815 47
148 148 147 140 139 139 138 136 130 129 129 127 127 122 115 115 110 109 106 96 92 92 86 84 83 82 73 63 57 56 53 51 51 49 48 47 46 44 42 42 41 40 39 38 37 36 33 
32 33 36 36 37 39 39 40 44 47 52 53 58 60 67 74 74 77 78 79 79 80 81 82 88 88 90 91 92 93 97 101 104 105 111 115 118 120 127 131 132 135 135 136 138 144 148 
5703 14
149 140 133 132 126 125 117 110 110 93 92 84 84 72 
39 44 54 71 72 75 89 115 122 122 124 129 139 148 
6435 7
144 117 114 112 87 47 35 
38 39 44 57 81 100 112 
718 20
147 134 129 128 119 115 114 109 100 96 94 90 83 72 59 58 38 36 35 35 
37 39 42 45 50 56 67 70 80 84 86 92 94 95 96 103 116 134 145 148 
1722 21
145 138 130 124 116 109 104 101 90 90 89 80 80 60 59 55 50 41 40 38 33 
37 39 46 49 53 58 59 59 62 62 66 79 82 85 89 108 119 126 142 143 145 
7004 9
129 117 117 95 95 94 88 75 68 
48 48 51 60 71 92 106 107 129 
3145 29
141 137 136 132 127 122 122 118 110 103 103 101 101 98 97 95 93 89 83 70 68 65 56 55 49 49 46 43 41 
35 36 40 41 46 46 47 56 67 70 72 79 81 87 87 90 92 97 102 112 115 116 128 133 135 136 137 137 141 
4055 12
141 122 108 107 91 81 79 79 77 75 50 44 
44 45 46 48 50 51 64 69 72 79 86 128 
2613 19
121 118 103 87 86 81 80 80 78 76 72 65 64 63 42 41 39 39 38 
32 36 48 49 59 71 75 75 75 76 77 94 94 95 97 107 122 136 144 
2281 9
149 129 116 86 57 56 51 49 42 
35 38 40 49 62 65 75 92 142 
7163 45
140 140 136 122 115 113 111 108 105 104 103 103 102 102 98 98 95 91 88 87 82 77 76 71 70 68 66 64 63 61 60 59 57 56 49 47 44 44 39 38 38 33 31 31 31 
33 39 40 41 43 45 47 49 49 51 57 63 67 68 69 69 70 72 78 79 80 81 85 89 90 91 94 95 95 97 98 100 102 109 110 112 115 122 129 129 129 133 134 135 137 
6128 34
137 134 132 131 124 118 111 109 107 106 105 104 102 100 98 97 97 97 84 81 78 78 71 60 59 57 53 49 48 47 47 46 45 34 
32 32 35 37 39 39 46 49 50 50 51 63 64 66 70 71 78 79 88 88 89 91 97 99 100 103 108 113 121 129 134 135 144 148 
3870 49
149 143 142 138 133 130 129 120 118 116 112 112 109 107 107 105 105 99 95 94 93 92 91 86 86 85 84 81 81 81 81 81 79 79 75 73 71 69 65 65 64 59 58 55 53 45 36 34 31 
33 35 36 37 38 38 38 38 41 43 43 50 53 55 55 56 57 57 64 67 68 73 74 83 84 85 88 90 91 96 97 101 109 110 112 112 114 114 116 116 120 130 131 132 136 146 147 148 148 
6417 46
144 141 140 139 136 134 124 123 120 120 113 106 95 91 90 90 82 81 80 80 77 77 75 74 72 72 67 67 65 64 63 60 58 54 54 50 45 42 41 40 36 35 35 33 33 32 
32 40 40 52 53 53 56 56 56 56 58 58 69 70 74 75 75 76 78 85 86 89 90 91 99 101 102 105 112 112 113 113 121 122 122 124 126 127 128 132 133 138 141 142 143 147 
3876 47
148 145 140 138 138 135 132 129 127 122 114 111 110 109 109 104 104 103 101 98 98 97 93 91 91 90 85 83 82 81 79 70 70 67 65 63 58 55 51 46 42 42 42 35 33 31 31 
31 31 33 33 35 37 38 40 41 44 49 49 52 54 57 63 64 67 68 75 76 77 82 83 84 88 88 90 91 94 96 96 98 103 106 122 122 125 126 132 141 142 143 144 145 145 146 
5767 29
149 149 147 145 140 132 128 116 107 103 100 97 82 72 71 70 65 65 65 63 61 61 59 59 56 55 47 44 33 
32 45 47 55 57 58 63 65 75 83 84 92 101 102 105 106 107 113 120 122 122 128 131 134 134 137 138 146 147 
4220 24
147 139 136 127 127 124 124 124 116 115 113 110 91 88 86 84 82 79 69 65 61 59 53 40 
30 43 45 46 46 49 58 63 69 72 74 77 87 89 95 102 107 111 123 130 130 136 137 149 
953 11
123 115 104 101 98 79 65 62 62 58 49 
32 43 52 53 61 74 79 80 86 133 143 
4614 41
145 144 140 140 139 134 133 131 126 125 123 121 121 119 113 108 107 107 104 90 88 85 84 83 79 72 71 69 66 65 63 63 62 58 55 54 44 43 39 38 32 
30 30 35 35 41 42 48 49 51 52 54 56 56 56 56 59 63 63 64 66 73 81 87 87 89 89 92 97 100 100 108 116 117 117 126 128 130 135 138 144 146 
6569 19
149 136 132 120 118 108 104 101 97 59 57 55 52 52 48 36 35 34 31 
34 38 54 58 58 65 70 71 86 94 98 104 106 113 128 130 133 142 148 
3105 27
139 137 136 134 134 123 117 116 113 110 107 100 99 97 85 84 77 76 75 66 57 53 47 47 40 40 34 
37 42 42 46 54 56 59 65 71 72 75 78 86 92 101 103 105 109 110 119 126 128 129 130 132 141 148 
3372 49
149 149 142 141 139 137 134 132 127 127 126 124 119 119 118 114 112 112 98 98 97 93 91 85 78 76 75 73 73 70 64 64 56 56 55 54 54 52 48 47 46 45 41 39 37 37 37 34 32 
30 33 33 34 40 44 44 45 45 47 51 52 61 62 62 65 70 70 71 74 75 78 80 82 84 84 86 86 96 99 100 105 106 110 112 120 120 121 122 123 124 126 126 127 128 135 137 142 149 
3940 20
144 131 125 113 105 81 67 66 66 63 63 57 49 47 44 44 42 41 41 37 
31 34 35 51 51 59 68 69 70 74 88 94 94 101 128 136 138 138 145 148 
2719 28
149 148 146 136 131 130 130 129 119 111 109 90 89 87 86 81 69 69 56 53 46 45 44 43 40 34 34 32 
30 31 32 37 41 45 46 57 59 61 76 83 86 86 91 99 101 109 110 112 116 118 121 129 129 141 141 145 
4508 18
148 144 133 130 122 113 109 99 89 79 70 63 55 48 41 40 40 37 
46 55 61 62 76 78 91 93 94 96 100 105 107 108 113 114 115 145 
1552 54
149 140 140 138 133 132 132 132 128 128 128 127 126 126 126 121 118 116 116 115 112 107 106 100 96 94 87 84 82 81 81 76 72 72 72 71 71 71 63 62 62 61 61 59 58 53 49 46 45 44 41 41 34 33 
30 31 35 35 40 42 42 42 46 47 51 55 60 61 62 65 68 70 74 74 77 79 85 88 88 95 96 99 100 101 102 107 111 113 113 116 119 121 122 124 127 129 131 133 135 139 141 142 142 143 143 145 147 149 
2351 45
147 145 139 138 137 135 134 131 130 130 128 120 114 113 113 113 112 112 111 109 104 102 101 101 98 98 90 88 88 87 84 84 83 78 77 76 66 56 56 42 41 40 37 36 32 
33 34 36 41 41 42 44 47 47 47 48 52 54 55 64 67 70 71 76 77 79 80 84 87 93 94 101 103 107 109 109 110 112 114 115 115 120 125 126 127 128 128 133 144 146 
2789 29
148 141 134 134 128 121 118 102 100 94 90 76 74 72 70 62 59 59 54 53 48 47 46 44 41 38 36 33 31 
30 31 31 32 33 39 41 43 52 56 59 64 65 65 69 74 76 78 81 82 87 96 99 104 106 120 126 136 140 
2424 17
126 124 121 115 112 88 84 83 80 72 70 70 65 46 45 35 35 
32 44 44 45 60 60 63 77 82 92 94 113 114 119 124 130 142 
6873 21
136 134 130 129 126 107 106 104 101 82 80 79 73 71 70 66 61 56 48 45 41 
31 36 42 53 55 59 59 63 63 76 91 92 105 120 122 127 137 140 142 148 149 
3024 50
147 146 145 144 140 135 134 134 130 127 122 120 120 111 111 108 106 103 102 98 98 98 96 94 94 94 92 91 89 89 86 85 82 79 75 65 65 61 53 51 51 50 49 45 42 40 38 38 36 32 
31 36 37 38 40 40 43 43 43 44 44 47 52 56 57 64 64 69 74 78 79 83 84 86 86 93 93 94 102 105 105 107 107 107 111 111 112 114 114 115 116 120 121 127 127 132 139 142 145 147 
3682 16
139 137 135 131 119 107 97 93 89 82 81 72 69 67 34 31 
30 32 41 52 58 59 61 87 96 98 105 107 113 115 129 140 
5273 48
147 147 140 137 135 132 129 127 126 125 123 123 117 116 115 113 112 105 104 98 90 90 88 87 85 78 75 71 68 67 64 63 59 57 55 45 44 42 42 41 41 35 34 34 32 32 31 30 
31 33 40 43 46 50 51 53 53 58 59 60 64 66 70 71 75 75 80 89 94 99 101 104 106 107 107 108 115 115 118 122 123 128 130 132 132 132 134 135 135 139 139 140 145 145 145 149 
4249 9
136 114 87 79 65 62 60 51 39 
32 33 41 43 47 108 114 127 139 
4033 27
148 147 145 140 132 131 128 117 109 109 104 103 102 101 98 96 95 95 92 91 85 76 72 46 46 41 30 
32 35 44 44 47 48 50 55 56 60 65 66 68 76 81 88 96 101 102 112 118 123 129 135 140 142 144 
2106 17
145 142 138 136 136 129 123 122 115 109 103 96 96 69 53 49 39 
41 54 56 63 63 75 79 85 104 106 114 118 130 138 147 149 149 
4387 54
148 145 145 143 142 142 137 133 132 131 127 123 119 117 115 114 113 112 110 106 106 105 105 104 102 101 101 99 96 96 95 94 91 85 85 83 82 75 74 73 71 71 70 70 69 61 60 59 51 38 36 33 31 30 
30 33 34 35 35 44 45 47 49 50 51 53 53 59 60 65 65 65 66 66 67 73 73 74 78 80 82 86 87 87 89 91 93 95 96 98 99 100 101 103 105 105 107 107 107 109 109 115 126 128 133 138 138 149 
4254 54
142 142 141 141 139 139 134 131 123 123 119 118 117 116 114 113 113 113 111 111 109 102 100 98 95 93 90 89 86 86 85 83 82 81 80 78 76 75 74 74 67 65 61 59 58 57 55 54 54 45 39 38 36 34 
30 31 32 36 36 37 37 41 42 46 49 50 53 54 55 57 58 60 67 68 69 69 71 73 73 78 80 83 83 88 97 100 102 104 108 109 109 111 116 118 118 121 121 121 124 128 132 134 135 143 145 146 148 148 
6406 52
143 133 132 130 128 128 125 119 118 116 112 110 106 104 102 94 93 92 91 91 87 85 82 81 76 73 72 72 68 67 66 66 66 59 58 57 55 53 51 49 47 45 45 45 43 42 39 37 34 34 33 31 
35 36 36 39 40 41 41 44 48 49 50 51 53 53 66 67 67 69 69 69 70 74 79 79 82 83 83 84 88 88 89 91 100 101 101 107 109 115 116 118 118 119 120 121 121 122 125 129 137 139 139 147 
2566 33
139 125 122 120 115 113 110 108 107 104 102 102 97 90 90 89 89 85 83 80 80 76 76 64 64 60 58 53 52 46 42 40 33 
32 34 35 36 43 48 51 52 54 55 57 59 59 60 61 65 79 84 94 97 100 100 101 102 103 124 125 130 133 134 145 145 146 
1636 32
146 145 141 138 136 134 134 131 125 125 123 118 114 114 113 106 97 97 95 89 87 82 82 77 76 76 62 61 60 60 50 41 
43 44 53 53 54 54 59 63 64 64 69 72 76 77 78 87 97 97 100 105 110 118 121 122 122 133 134 136 139 139 143 146 
3641 42
148 146 142 135 120 119 113 113 111 110 106 106 105 103 101 99 98 97 96 93 84 81 78 77 73 73 67 65 65 64 60 57 55 50 44 44 39 37 36 35 34 31 
31 34 40 40 40 43 48 52 56 62 66 67 70 73 77 77 80 83 85 86 87 92 94 95 95 98 99 105 108 110 113 115 115 124 126 127 128 133 133 138 141 149 
3696 54
148 148 142 141 139 138 135 135 132 131 131 128 127 125 124 123 119 116 115 114 111 107 106 106 104 102 100 99 98 96 94 92 92 89 89 89 85 83 77 76 75 74 73 70 58 55 53 52 51 50 49 48 40 39 
35 36 36 43 43 44 44 45 45 50 55 58 60 61 63 65 69 70 71 73 78 90 91 93 99 100 101 102 106 106 110 115 116 118 121 123 124 129 131 132 132 133 134 134 137 143 143 144 146 147 147 147 149 149 
4350 28
139 134 133 133 131 123 121 119 118 115 101 96 91 88 86 81 81 78 78 67 56 49 41 36 36 34 33 32 
32 48 49 51 56 58 66 85 86 91 96 104 107 110 111 115 118 119 121 122 124 126 128 131 137 141 142 148 
5728 53
149 145 145 144 132 129 128 127 127 127 125 122 122 122 116 115 115 114 112 111 109 105 96 96 92 92 90 87 87 86 82 81 80 79 74 71 70 67 67 65 54 50 49 49 47 46 44 43 41 39 37 37 31 
34 37 37 40 44 44 45 45 46 47 47 50 50 61 67 69 70 70 70 70 71 71 72 81 83 84 86 86 86 88 93 94 94 95 98 99 100 102 110 114 117 118 121 127 128 139 140 142 142 143 146 147 148 
7009 51
143 142 141 139 138 136 135 134 133 133 125 125 121 120 113 111 110 108 106 105 104 102 101 98 97 93 93 88 86 85 80 78 78 77 74 73 72 72 70 66 61 61 57 53 53 51 47 45 43 38 36 
30 31 32 41 41 43 43 44 46 50 50 51 53 63 65 66 72 76 77 77 78 78 78 80 85 89 91 91 94 96 99 107 110 110 114 116 120 121 126 128 132 135 136 139 140 141 141 142 146 147 147 
6515 31
149 145 135 128 128 116 111 110 109 105 104 104 103 100 99 98 97 86 84 80 79 78 76 63 63 54 48 40 40 39 38 
33 41 44 44 48 50 53 54 59 62 65 65 71 72 86 86 91 97 106 109 109 113 113 113 114 123 123 123 125 147 148 
3730 49
147 146 145 143 143 137 137 135 126 124 122 120 117 113 112 112 112 112 109 107 102 101 94 90 89 82 80 76 72 71 66 64 62 61 57 57 55 50 49 45 45 44 43 41 40 37 35 35 32 
32 36 39 40 40 40 42 44 46 48 49 50 53 57 59 63 66 67 68 75 78 78 79 80 80 81 84 92 101 102 104 105 107 108 110 111 113 114 116 117 121 126 132 136 138 139 140 144 146 
4616 19
137 135 130 127 125 123 123 115 105 99 89 75 74 72 71 70 69 57 35 
36 47 49 51 52 58 61 65 68 96 99 106 109 114 120 123 131 133 133 
4100 8
134 121 116 103 95 92 71 52 
46 54 66 70 81 85 91 128 
2739 50
149 143 143 137 135 132 131 129 128 124 121 119 118 118 118 116 116 115 114 100 99 97 97 96 92 83 81 81 81 79 77 76 75 72 70 66 56 53 52 52 50 48 48 46 46 41 37 37 36 34 
30 32 33 33 34 35 42 42 50 57 59 60 67 68 69 75 76 78 80 83 85 89 90 90 92 99 106 106 108 110 112 114 115 116 119 119 120 120 121 122 127 128 129 132 137 140 143 143 145 149 
3200 15
145 141 136 109 100 96 88 85 83 81 67 60 58 54 38 
30 45 51 51 54 66 71 80 82 94 94 95 98 134 145 
4530 48
148 146 145 144 140 135 135 134 134 131 122 116 116 112 112 107 106 97 97 96 89 87 86 86 84 84 84 83 79 72 72 72 71 68 62 58 57 56 54 52 49 49 48 47 43 39 33 30 
35 41 47 49 49 51 53 56 58 59 62 66 66 69 70 73 75 78 83 83 87 89 92 93 96 97 99 105 111 116 117 121 121 122 126 128 128 128 132 132 132 133 135 136 137 140 143 147 
409 8
147 139 135 126 118 75 38 37 
41 44 48 50 58 62 106 133 
2026 42
147 142 141 140 130 129 125 124 120 119 116 113 110 107 105 101 98 93 86 84 80 80 79 79 75 71 67 64 59 56 53 52 52 50 48 44 43 43 40 39 37 36 
38 40 44 45 46 49 50 50 50 59 60 60 61 69 72 73 79 87 89 91 93 94 98 100 108 109 110 111 112 120 123 124 125 125 126 132 133 136 136 137 140 148 
586 22
139 137 131 128 127 127 124 123 112 112 97 93 92 79 74 65 55 55 44 42 41 39 
37 51 54 56 58 61 73 73 86 88 88 96 106 109 112 119 123 125 125 131 139 143 
