100
311 20
25 25 24 23 22 21 21 19 18 18 17 14 14 14 13 7 5 4 4 1 
1 1 2 2 2 3 5 5 5 7 11 11 15 15 16 16 16 19 19 20 
108 20
30 29 28 28 26 25 23 22 22 22 22 21 20 18 15 11 10 6 2 1 
2 2 5 6 6 7 9 9 9 9 11 12 12 13 15 17 19 19 20 20 
486 19
29 28 28 27 25 25 20 19 16 15 14 14 14 13 12 12 10 9 3 
1 1 1 3 3 5 5 6 9 10 12 12 16 16 16 17 18 18 19 
227 14
28 28 27 26 24 18 15 14 14 7 6 6 2 1 
1 2 5 6 6 8 11 11 13 15 15 16 18 19 
443 5
19 9 6 5 4 
6 8 13 15 19 
425 6
17 10 9 8 4 2 
3 8 9 11 13 15 
475 7
29 26 24 20 13 5 1 
4 7 7 8 11 18 19 
355 5
27 25 25 15 10 
3 4 12 12 20 
279 16
29 28 27 27 24 23 22 21 19 15 14 13 12 12 9 2 
2 3 4 5 6 7 8 8 11 12 15 15 16 18 19 19 
219 19
30 26 26 25 25 25 25 22 19 18 16 14 13 9 9 6 6 5 4 
2 2 3 3 5 6 6 7 9 10 12 13 14 14 14 15 17 17 18 
279 8
29 22 15 9 7 7 3 2 
3 4 12 13 14 14 14 19 
272 20
27 26 25 23 19 18 16 16 12 11 10 10 9 7 4 4 4 2 2 1 
1 2 3 3 5 5 6 9 10 11 12 12 13 15 16 16 16 16 18 19 
423 9
20 20 19 18 12 9 8 7 7 
4 5 7 10 13 14 17 17 18 
230 15
29 25 25 24 22 22 21 18 16 15 12 12 10 4 2 
3 3 3 4 6 10 11 11 14 14 15 18 18 19 20 
270 17
30 29 23 23 23 22 22 18 18 11 8 8 5 3 2 2 1 
4 4 5 5 5 6 6 7 9 15 15 15 15 16 19 20 20 
169 9
30 29 23 21 20 8 8 3 3 
3 5 5 9 9 9 12 12 19 
234 22
30 30 29 26 24 23 18 17 14 14 13 12 12 8 7 7 7 6 5 3 2 1 
3 5 5 5 6 6 10 11 12 13 13 14 16 16 17 17 17 18 19 19 19 19 
110 22
28 27 27 26 25 25 24 22 22 20 20 20 18 17 16 14 12 9 9 9 8 3 
1 1 2 4 4 10 10 10 10 10 11 11 12 15 15 15 16 18 18 19 19 20 
314 20
27 27 24 24 24 19 18 18 16 16 16 16 10 9 7 5 3 2 1 1 
1 1 2 3 5 6 7 8 8 8 10 11 11 12 15 17 18 18 20 20 
203 15
30 26 23 21 21 19 19 16 14 13 10 8 5 4 2 
1 2 2 6 7 7 10 13 14 14 14 16 16 18 19 
480 24
30 27 22 22 21 20 18 17 15 13 12 11 8 8 8 7 7 6 5 2 2 1 1 1 
1 1 1 1 2 2 2 6 6 8 8 8 11 13 13 14 15 15 16 17 18 18 18 18 
376 21
29 26 25 24 23 22 21 20 19 19 14 13 11 10 10 9 7 5 3 3 2 
1 3 3 4 4 5 5 6 7 8 9 10 10 12 14 16 16 17 18 19 19 
213 13
28 27 25 24 13 12 11 10 10 8 7 7 2 
1 1 2 2 5 6 7 8 9 9 15 16 20 
438 23
29 27 26 25 25 23 22 22 20 20 18 18 18 17 16 13 12 12 8 8 3 2 1 
1 2 2 4 5 5 5 6 7 9 10 10 10 11 12 14 14 14 15 17 17 18 18 
261 15
30 29 27 25 21 20 20 17 16 14 13 11 11 9 4 
1 2 5 6 6 7 7 9 11 13 14 14 16 18 20 
226 8
17 16 13 13 12 10 7 1 
1 3 5 9 15 16 19 19 
445 18
30 29 29 27 24 23 22 20 19 16 16 15 10 9 8 7 5 4 
1 2 2 3 5 5 6 7 7 7 9 10 10 11 12 15 18 20 
468 22
30 30 30 28 26 26 24 24 21 21 19 18 18 14 14 10 9 8 6 5 2 2 
1 1 1 2 5 6 7 7 10 11 11 11 13 15 16 16 17 17 17 17 17 19 
336 18
30 29 28 25 25 25 24 22 19 19 18 18 16 9 8 5 3 3 
2 3 5 5 6 8 10 11 14 15 17 17 18 19 19 20 20 20 
202 23
30 29 27 25 24 23 23 23 22 21 21 16 15 13 11 10 7 6 5 4 3 2 1 
2 3 4 5 5 6 6 7 8 9 9 10 11 12 12 13 13 13 16 16 17 19 20 
274 10
29 22 22 22 21 21 11 11 9 5 
1 5 10 13 13 13 17 18 19 19 
270 7
23 20 16 15 14 5 2 
6 7 12 14 16 18 19 
279 11
28 27 24 18 17 15 15 10 7 1 1 
3 3 5 6 6 9 11 13 14 16 16 
481 12
28 24 21 17 14 10 10 6 5 3 3 2 
1 2 4 4 5 7 7 8 9 10 11 19 
389 9
28 27 21 21 19 19 14 4 3 
3 4 6 7 7 8 11 12 15 
421 12
29 28 24 22 18 18 17 16 14 12 8 7 
3 3 4 7 10 11 13 14 17 17 19 19 
101 12
23 20 19 17 14 12 12 11 11 5 5 4 
1 3 4 7 8 8 10 10 11 15 15 20 
202 24
30 29 28 25 25 25 24 23 23 20 19 14 13 13 10 9 9 8 8 7 7 5 3 2 
1 1 2 3 4 5 5 5 5 6 6 8 9 10 10 13 13 14 14 15 15 16 16 17 
268 6
27 16 15 12 9 8 
7 10 10 16 17 20 
243 22
29 28 28 26 25 19 19 19 18 18 15 11 10 9 9 9 8 8 7 6 6 6 
1 3 3 4 5 6 9 10 10 11 11 11 12 13 14 14 15 15 16 17 18 19 
356 21
30 29 28 27 27 24 24 24 23 19 18 15 13 11 9 8 7 4 4 2 1 
1 2 2 2 2 3 3 6 8 8 9 9 10 11 11 12 15 16 17 17 17 
244 18
29 26 25 21 20 19 19 18 17 12 12 10 8 7 7 6 6 2 
2 3 4 5 5 7 7 7 8 10 10 13 13 14 14 18 19 19 
149 13
26 25 23 23 20 19 16 16 16 14 9 8 8 
2 5 6 9 12 13 15 16 17 17 18 19 19 
466 20
30 25 24 24 24 23 20 19 18 15 14 11 9 8 6 4 3 2 2 1 
1 3 4 4 6 6 6 6 12 13 14 15 15 15 16 16 16 16 17 20 
417 7
30 29 28 25 21 20 15 
1 7 10 13 14 17 18 
373 24
30 30 28 28 27 25 22 21 20 20 19 17 17 15 14 14 11 10 10 9 5 3 3 2 
1 1 2 3 5 5 7 7 11 11 11 11 12 14 15 15 15 16 16 16 17 19 20 20 
192 21
29 28 27 25 24 24 23 23 19 16 15 14 13 10 9 9 8 6 5 3 1 
1 2 2 3 4 6 8 9 10 11 12 12 13 14 15 16 16 18 18 19 19 
250 21
29 28 27 26 22 22 21 20 17 16 14 9 9 8 8 6 5 3 2 1 1 
1 2 3 5 6 6 6 9 9 10 10 11 12 12 13 13 14 14 14 16 18 
483 18
29 26 24 22 22 20 20 19 17 14 12 11 11 8 7 6 4 3 
1 2 6 6 6 9 10 11 11 12 12 14 15 15 16 16 17 18 
154 11
28 27 27 24 22 18 15 15 14 13 4 
3 5 6 10 11 12 15 17 17 17 17 
453 12
29 20 20 17 17 16 11 10 5 3 2 1 
1 1 2 5 10 12 13 14 17 17 18 19 
404 18
30 29 27 26 25 25 24 20 18 15 15 10 7 6 6 5 4 2 
1 1 1 2 6 7 8 9 10 12 12 13 13 14 15 18 19 20 
219 9
30 23 23 22 22 21 20 19 17 
1 1 4 7 13 15 17 18 19 
360 16
28 27 27 20 19 16 16 16 15 13 12 11 10 9 3 3 
3 4 4 4 5 6 7 10 11 13 14 15 18 18 18 20 
287 15
29 28 27 26 25 24 22 21 20 19 15 14 12 11 8 
2 3 4 4 4 6 8 8 13 13 17 17 18 20 20 
125 12
29 21 20 20 19 18 15 12 10 9 5 5 
4 10 11 14 15 16 16 18 18 18 18 20 
296 10
23 21 20 16 15 15 12 9 6 4 
3 3 4 4 7 12 12 17 18 20 
228 22
30 30 28 28 28 27 25 25 24 23 23 23 22 22 16 16 11 10 10 7 4 3 
2 2 3 3 5 6 6 7 9 10 11 12 13 13 14 15 15 16 16 17 18 19 
281 24
29 27 27 26 26 25 25 23 21 20 18 18 17 17 17 15 12 11 8 5 4 3 2 1 
3 4 4 5 6 7 8 8 9 9 11 12 13 13 13 13 14 15 15 17 17 18 19 19 
359 20
29 26 24 23 23 21 20 19 17 16 13 13 12 9 8 5 3 2 2 1 
2 3 3 6 6 7 8 9 10 10 11 12 16 16 16 17 17 18 19 20 
231 17
30 29 28 25 23 20 19 19 19 15 14 13 13 11 11 8 1 
1 1 3 3 5 6 11 12 13 14 14 14 15 15 16 17 19 
476 15
30 29 27 24 24 23 21 18 15 15 14 14 13 4 2 
2 3 3 4 8 9 10 10 14 17 17 17 19 19 20 
349 6
30 29 19 15 5 4 
2 2 13 14 20 20 
360 7
23 18 17 15 13 2 1 
6 11 18 18 19 19 20 
115 17
30 30 25 22 19 19 19 17 16 14 13 9 8 8 8 2 1 
2 2 3 4 4 5 6 6 9 9 11 11 12 13 14 18 19 
169 18
29 28 26 25 22 19 18 17 16 15 13 11 10 9 8 8 6 2 
2 4 4 10 11 12 12 12 14 15 15 15 16 18 18 19 20 20 
295 10
26 26 22 21 19 14 11 9 5 3 
4 7 8 14 17 18 18 19 19 20 
492 12
29 27 26 26 23 18 13 12 4 3 3 2 
1 2 4 4 5 5 10 10 13 13 13 18 
138 24
29 28 27 26 26 25 23 21 20 17 17 14 13 13 12 10 10 9 7 7 3 2 2 1 
1 2 2 3 4 6 6 8 9 10 10 12 12 14 15 16 16 17 19 20 20 20 20 20 
481 14
23 20 20 18 12 12 11 11 8 8 5 5 4 2 
1 3 4 4 4 6 14 15 15 16 19 19 20 20 
181 8
27 26 14 9 8 8 7 5 
4 6 8 10 14 16 19 20 
138 20
30 30 28 28 25 22 22 22 19 19 19 18 15 12 11 11 11 10 9 6 
2 3 5 7 7 7 10 12 12 12 12 14 14 16 17 18 18 18 19 20 
360 13
29 28 27 26 26 23 21 20 20 15 10 10 4 
4 4 7 7 9 9 10 11 11 11 13 19 20 
175 21
29 28 26 26 25 24 20 18 15 13 13 12 10 8 7 5 5 3 3 2 2 
1 1 2 4 5 5 6 7 7 7 12 13 14 16 17 18 19 19 19 19 20 
282 22
26 25 25 25 24 24 22 22 21 20 16 14 13 11 11 9 9 6 5 4 3 3 
1 3 3 4 5 5 7 7 8 9 10 11 11 12 13 14 15 17 18 19 19 20 
349 19
30 30 26 26 23 22 20 18 13 11 9 8 8 8 6 5 4 3 1 
1 6 7 9 10 11 12 12 12 13 14 14 14 15 16 18 18 19 19 
152 23
30 28 27 27 26 23 21 17 16 15 14 11 11 10 9 8 7 7 5 5 5 3 2 
1 3 3 3 3 4 5 6 7 8 9 9 11 11 12 12 13 13 14 18 19 19 19 
357 18
30 27 23 23 19 18 18 16 15 13 9 9 9 9 7 7 6 3 
2 2 2 2 3 5 5 6 6 6 7 10 11 11 15 16 20 20 
329 9
30 25 19 17 16 13 9 9 3 
1 3 4 7 15 15 17 19 20 
160 22
26 23 23 22 22 22 22 20 18 15 15 14 13 12 10 9 9 8 6 5 4 2 
1 2 2 4 4 5 6 7 7 8 9 9 10 12 14 14 15 15 17 18 19 19 
207 18
29 26 26 25 25 23 23 23 22 21 19 16 12 11 9 7 6 3 
2 2 2 3 7 7 8 9 10 11 11 14 14 15 17 17 20 20 
254 8
30 25 24 13 9 4 2 1 
1 1 2 8 8 12 17 17 
201 5
30 20 15 14 12 
9 9 10 16 16 
139 19
30 27 27 26 26 25 23 22 20 20 19 16 15 14 12 6 5 4 1 
1 2 3 3 3 4 4 5 7 7 9 11 13 15 15 18 18 19 20 
474 22
29 28 26 26 26 25 24 21 18 18 16 16 15 15 14 13 11 11 9 7 6 2 
2 2 3 3 4 5 5 7 7 7 7 8 8 9 11 12 12 13 14 17 19 19 
177 17
30 29 28 20 20 20 18 17 15 10 9 9 8 5 4 3 2 
2 3 5 5 6 6 8 9 10 11 12 13 14 15 16 19 19 
191 20
30 29 28 26 26 25 24 22 22 21 20 16 16 15 12 10 9 5 4 2 
1 1 2 2 3 3 3 3 8 8 10 11 12 14 14 15 16 16 16 17 
292 16
26 24 21 21 19 19 17 15 14 12 12 9 7 3 1 1 
1 1 3 5 6 8 11 11 11 12 13 14 15 15 16 20 
201 7
29 29 28 25 15 14 4 
4 4 5 7 9 13 14 
191 12
28 28 28 27 25 24 23 20 20 15 13 5 
1 3 4 4 8 10 11 12 12 14 15 16 
379 15
28 24 22 19 18 17 15 13 9 4 4 3 2 2 1 
1 1 2 7 10 10 11 12 13 14 15 15 15 19 19 
345 20
29 23 22 19 16 14 14 13 12 12 10 9 9 9 7 6 6 5 3 3 
2 4 5 9 10 10 10 12 12 12 12 12 15 15 17 19 20 20 20 20 
119 14
25 24 21 20 17 15 14 8 6 6 6 3 3 1 
2 3 5 5 6 7 7 8 9 12 14 18 20 20 
439 5
18 18 18 13 6 
6 10 10 14 17 
343 10
29 28 28 28 27 12 10 7 6 3 
1 6 6 9 10 15 17 18 18 19 
249 19
26 19 19 18 16 14 13 11 7 7 7 7 6 6 5 4 3 2 1 
1 3 3 4 5 7 9 10 11 12 13 15 15 15 15 15 16 17 20 
388 13
21 19 15 12 11 10 8 7 7 6 4 3 2 
1 4 5 7 8 10 13 14 15 16 18 18 19 
307 23
28 27 26 26 25 25 24 23 21 21 19 18 16 16 16 15 10 10 9 9 3 2 1 
1 3 4 8 8 8 9 9 9 10 10 11 11 12 12 13 14 14 15 16 20 20 20 
243 16
28 27 27 24 24 20 18 16 16 15 12 10 8 6 5 5 
3 4 5 5 7 8 9 9 11 12 13 17 18 18 19 20 
291 15
27 24 22 22 21 19 17 14 13 13 11 10 9 6 5 
2 6 6 7 7 7 11 12 14 15 16 16 17 19 20 
