250
126 12
30 29 29 28 27 24 24 22 14 12 5 3 
4 6 7 7 7 10 15 24 26 26 29 29 
356 27
28 27 27 23 23 22 22 19 17 16 14 13 13 13 13 11 10 8 7 4 3 3 3 2 2 1 1 
1 3 3 4 6 8 8 10 10 11 13 13 13 14 14 15 16 17 19 20 20 21 21 24 25 25 27 
274 22
30 29 28 28 24 22 22 19 18 17 17 16 14 14 12 9 9 8 7 6 5 2 
3 4 4 6 8 10 12 13 13 14 14 17 19 20 20 22 23 25 25 27 29 29 
492 19
30 28 27 26 25 24 19 19 15 15 12 9 8 7 6 5 3 3 1 
1 4 5 7 8 9 9 9 13 17 19 22 23 24 24 25 25 29 30 
185 29
29 29 28 27 27 26 24 24 23 23 22 22 21 21 21 20 17 17 16 15 14 14 8 8 8 5 4 3 2 
1 2 5 6 6 7 7 9 10 11 12 12 13 15 16 16 17 18 20 21 23 24 25 26 27 27 27 28 30 
398 13
27 21 21 16 15 14 13 13 9 9 5 4 3 
6 8 9 9 9 13 15 17 19 23 28 29 30 
134 33
30 28 28 28 27 27 26 25 24 24 21 18 18 15 15 14 14 12 11 11 9 8 7 6 6 6 5 5 5 3 2 2 1 
2 3 4 5 5 5 7 7 8 8 8 11 11 12 13 14 15 15 16 19 23 23 24 24 26 26 26 28 28 29 29 29 29 
147 21
30 29 28 27 27 23 22 21 15 15 14 13 9 8 7 7 4 3 3 2 2 
1 5 5 5 7 8 10 12 13 14 16 16 17 19 20 21 23 24 27 28 28 
431 18
30 27 24 21 17 17 16 15 15 13 12 11 8 7 3 3 2 1 
1 1 2 4 4 11 12 12 13 16 18 20 23 25 25 26 27 27 
456 30
30 27 27 27 26 25 25 25 23 22 20 18 17 17 15 13 12 11 10 10 9 9 9 8 7 7 6 3 2 1 
1 1 2 3 4 4 5 9 10 11 12 13 13 14 14 15 16 16 19 21 23 25 26 28 29 29 30 30 30 30 
304 7
30 28 24 22 11 10 6 
2 6 6 21 24 27 29 
456 28
29 29 27 26 25 25 24 24 23 23 22 21 19 19 19 18 18 16 16 16 13 9 8 5 5 5 4 1 
1 1 3 3 4 4 5 6 7 7 8 8 8 9 11 11 12 14 17 18 18 18 23 24 27 29 30 30 
201 15
28 22 17 15 15 15 13 8 8 6 5 4 3 2 2 
1 4 6 10 11 12 16 21 23 23 24 25 26 27 29 
126 14
27 26 24 24 20 19 19 16 12 11 11 9 8 6 
2 2 2 4 12 14 16 16 17 21 27 29 29 30 
498 11
29 27 27 22 19 16 13 11 6 4 1 
3 3 8 9 9 17 17 21 28 29 29 
330 29
30 30 29 28 27 24 23 22 21 21 19 19 15 12 12 11 11 11 8 8 7 5 4 4 4 2 2 2 2 
1 2 4 4 6 8 8 12 13 13 14 14 14 15 15 20 20 21 23 23 25 27 27 27 28 28 29 29 30 
344 14
29 29 28 19 18 15 14 11 11 7 5 5 5 2 
2 4 5 6 7 7 8 17 22 24 25 26 29 29 
266 22
30 30 29 28 25 23 22 21 21 20 20 20 17 17 16 15 13 12 11 10 8 7 
3 3 4 5 9 12 12 13 16 18 20 20 20 21 21 23 26 26 27 29 30 30 
460 19
29 29 28 28 26 21 19 18 16 13 11 11 10 10 9 5 5 3 3 
1 2 2 2 3 4 4 6 6 16 16 16 17 19 19 24 25 26 27 
245 20
30 29 28 28 25 23 23 22 21 19 17 13 8 7 7 6 5 4 3 1 
2 3 3 3 4 6 10 12 12 13 15 15 20 22 23 25 27 29 29 30 
328 9
30 30 27 17 12 8 6 3 2 
2 6 14 15 16 25 26 27 30 
426 8
29 25 20 19 16 12 9 3 
2 5 8 9 10 23 23 27 
493 9
26 22 18 15 14 14 3 2 2 
2 21 21 21 22 23 27 27 29 
444 10
25 19 16 12 10 7 6 5 2 1 
2 7 8 8 12 13 14 15 22 24 
455 25
30 29 25 22 20 19 19 19 18 18 17 17 16 15 13 12 12 11 9 6 5 4 2 2 1 
1 1 3 4 8 9 9 10 11 12 12 13 14 14 14 17 18 19 21 22 24 25 26 30 30 
120 24
29 28 28 27 27 27 26 25 24 24 23 23 23 20 16 15 12 8 8 7 3 3 2 2 
1 2 3 4 4 4 5 6 8 8 9 9 10 14 16 19 21 22 22 23 25 29 29 30 
130 15
28 26 26 24 23 22 20 20 17 14 12 12 11 8 6 
2 3 5 5 6 6 12 13 13 15 18 23 24 27 30 
324 15
29 26 22 21 15 15 14 13 12 9 8 8 6 3 1 
1 2 3 5 7 10 15 16 16 18 23 24 24 24 28 
280 19
29 28 21 21 20 15 14 14 12 9 6 5 5 5 4 3 3 1 1 
2 4 6 7 13 13 14 15 16 18 19 20 21 22 23 23 26 27 29 
266 18
30 28 23 21 19 14 13 12 11 9 8 6 4 3 2 2 2 1 
3 3 5 6 6 7 10 12 13 13 15 18 19 23 23 23 28 28 
429 32
30 29 28 28 27 27 24 23 23 23 22 21 20 20 19 18 18 17 17 15 15 14 13 13 12 11 9 9 8 1 1 1 
1 1 2 2 7 8 10 11 12 12 13 14 15 17 18 19 20 20 21 21 22 22 22 22 24 24 24 25 26 27 30 30 
100 8
24 24 18 13 12 6 5 4 
1 7 10 16 20 21 27 28 
434 24
30 30 30 29 29 28 27 26 24 22 20 20 19 18 17 11 10 10 8 7 6 4 4 3 
2 2 8 9 10 11 11 11 13 14 15 16 17 17 18 19 21 22 22 24 25 28 28 30 
110 7
29 29 29 28 28 28 24 
4 6 11 11 14 19 29 
213 18
30 29 29 28 25 14 13 13 9 8 7 7 5 5 5 4 4 1 
1 1 2 2 2 3 6 8 8 10 10 14 15 17 29 29 29 29 
402 30
30 29 28 27 27 26 25 25 24 24 21 20 20 20 19 18 15 13 13 10 10 10 8 8 6 5 3 3 2 1 
3 3 3 3 3 4 6 7 7 8 9 10 11 11 13 13 14 15 16 18 21 22 23 25 25 25 27 29 29 29 
413 28
30 29 28 28 27 26 26 25 24 21 21 20 20 19 16 14 13 13 12 11 11 9 8 4 3 3 2 1 
1 1 2 2 5 5 6 7 7 8 9 9 10 11 12 13 19 19 21 23 23 24 25 27 27 28 29 30 
321 22
30 30 29 29 28 28 25 24 22 21 21 19 15 12 12 9 8 4 4 2 2 1 
1 1 6 6 7 9 9 9 9 10 10 16 16 18 21 22 23 24 25 28 28 30 
377 27
30 29 29 27 26 26 26 25 25 22 18 16 16 15 15 15 14 14 14 12 10 10 9 6 4 4 3 
2 4 4 7 7 9 9 12 12 13 16 16 16 17 18 18 19 20 20 21 22 27 27 29 29 29 29 
202 15
29 29 25 24 23 18 17 16 14 12 9 9 8 4 2 
1 1 1 5 11 12 14 14 14 17 18 23 26 29 29 
194 20
30 29 29 28 26 20 17 17 15 14 12 11 10 10 6 5 4 3 2 1 
1 3 4 5 5 10 12 12 13 14 14 15 16 17 20 21 22 25 28 28 
182 12
30 30 29 25 24 20 18 17 11 10 9 7 
2 2 6 15 15 17 22 22 22 24 24 30 
163 12
29 25 19 19 15 12 9 8 3 2 1 1 
2 7 8 15 15 17 21 23 25 25 28 30 
362 14
29 26 26 25 19 18 16 14 13 6 3 2 2 2 
2 5 7 10 15 17 17 18 18 19 21 22 24 27 
176 34
29 28 28 27 27 27 27 27 26 25 24 23 22 21 20 19 18 18 17 16 15 13 13 13 12 11 10 10 7 5 4 4 3 2 
1 1 3 4 4 5 5 7 7 8 8 10 12 14 15 16 17 17 19 20 20 20 21 22 22 22 22 25 25 25 25 27 28 28 
342 10
30 28 26 22 21 20 16 11 7 6 
5 7 10 12 20 21 22 23 23 27 
474 5
21 20 11 1 1 
11 11 14 22 28 
297 12
30 27 25 16 16 15 12 8 6 4 2 1 
1 1 1 2 2 4 7 11 15 17 19 20 
405 30
30 30 30 28 26 25 25 24 24 22 21 21 20 20 19 16 15 13 12 9 9 9 8 8 8 4 3 3 1 1 
2 3 4 4 4 6 6 7 8 9 10 12 13 15 16 16 18 20 20 21 22 22 22 23 23 24 25 25 26 28 
100 23
27 27 27 26 24 22 20 19 19 19 19 18 18 17 16 13 12 12 8 6 5 1 1 
1 2 5 5 9 9 11 13 13 15 17 18 18 18 19 19 20 21 22 22 22 22 24 
122 30
28 27 27 26 25 23 23 23 23 23 22 20 20 17 17 15 15 13 13 13 12 11 10 10 9 7 3 3 3 2 
1 3 3 3 3 3 5 5 5 10 12 12 14 14 15 16 16 18 22 22 23 24 25 25 27 28 29 29 29 29 
135 23
28 27 27 24 23 23 22 20 19 19 16 15 15 14 13 10 10 8 8 7 5 4 1 
1 1 2 4 13 14 15 16 17 17 18 18 19 22 24 24 25 26 27 27 29 30 30 
406 19
30 30 26 23 22 22 21 21 19 16 15 14 14 10 9 9 6 5 3 
3 3 5 6 7 8 11 13 17 18 19 19 20 23 23 25 26 27 28 
374 16
30 30 22 19 16 16 15 14 14 13 12 11 11 10 2 2 
1 2 2 5 5 5 5 8 10 12 12 14 15 22 22 30 
364 21
28 27 26 25 24 23 23 22 21 13 11 9 9 7 6 5 4 3 3 3 1 
3 3 3 4 6 7 7 9 9 9 10 11 17 18 20 20 23 23 25 29 29 
184 20
30 28 27 26 25 25 23 23 21 21 20 19 19 19 19 8 8 7 7 5 
3 4 5 6 6 8 9 11 12 15 18 19 21 22 23 23 25 25 29 30 
385 23
30 30 28 27 25 23 22 22 21 20 18 17 15 15 12 11 10 9 9 7 5 5 4 
2 4 6 6 13 14 14 15 15 15 16 16 18 19 22 24 25 26 27 27 29 29 30 
107 27
30 30 29 28 27 25 24 23 23 21 21 20 20 18 18 18 17 16 15 14 11 10 10 9 9 9 5 
3 3 4 4 5 7 8 8 9 10 10 11 11 14 15 15 16 16 16 17 19 22 23 26 26 28 29 
256 34
30 29 29 28 27 27 24 24 21 21 20 20 18 18 18 18 18 17 16 16 15 14 12 12 11 10 7 7 6 6 6 4 3 2 
1 1 1 2 2 3 4 4 7 7 8 10 10 11 11 12 12 12 13 13 15 15 17 17 22 23 25 26 27 28 28 28 29 29 
165 23
29 29 28 22 21 20 20 19 18 17 16 15 15 14 14 14 11 8 7 5 4 4 4 
3 4 4 4 5 8 10 10 10 12 14 15 15 18 19 20 21 22 22 23 23 28 30 
241 22
30 29 27 26 25 25 25 25 24 23 21 19 14 13 12 11 11 9 8 3 3 2 
2 6 6 7 7 8 10 12 13 15 15 17 18 19 19 21 21 22 23 23 23 28 
331 14
30 29 29 29 26 24 18 18 12 11 11 10 4 3 
1 10 13 13 14 15 16 17 18 24 25 25 29 30 
176 13
30 29 28 27 19 17 12 12 6 4 4 4 3 
3 9 13 15 18 22 22 23 23 24 24 29 30 
174 32
29 28 28 26 25 24 22 21 20 19 18 17 16 16 14 14 14 13 13 13 12 12 11 10 9 9 8 8 8 7 7 4 
1 2 3 3 4 4 5 5 6 8 8 8 8 8 9 10 14 15 17 19 19 24 24 24 24 26 26 26 27 27 28 28 
327 17
30 27 26 25 25 23 22 20 19 19 16 13 12 11 5 4 3 
1 6 8 9 11 11 11 11 15 15 16 19 26 27 27 29 30 
378 17
30 30 29 28 27 26 24 22 19 18 16 15 10 7 4 4 2 
3 4 5 8 11 11 15 17 17 19 21 22 22 25 27 28 29 
375 13
24 22 19 17 17 17 13 11 10 9 7 3 1 
3 4 4 15 16 17 19 21 23 26 28 28 29 
484 29
27 24 24 23 22 22 21 20 20 20 19 18 16 16 15 11 11 11 11 10 9 8 7 6 5 4 4 1 1 
1 1 1 2 6 7 8 9 9 11 15 15 15 18 18 19 19 19 19 20 22 22 22 24 26 29 29 30 30 
150 21
30 30 30 29 27 25 24 23 20 20 20 18 15 15 14 13 11 10 6 3 2 
1 3 3 4 4 5 6 10 10 11 12 14 14 16 17 19 20 20 22 29 30 
320 8
18 17 15 5 4 3 3 2 
3 3 11 16 16 17 20 23 
236 19
30 30 24 23 23 21 19 14 14 12 11 7 5 5 4 4 2 2 1 
1 1 1 3 7 14 15 15 16 16 22 25 26 27 27 28 28 30 30 
238 16
29 28 25 24 24 22 22 21 21 17 15 9 8 2 2 2 
1 3 3 4 5 6 14 17 18 19 23 23 24 25 25 29 
172 6
24 21 21 20 6 4 
17 20 20 22 24 28 
419 11
29 20 20 18 18 18 13 8 8 3 3 
10 14 15 16 19 19 21 21 22 26 28 
396 33
30 30 29 29 29 28 28 27 26 26 25 25 24 22 20 19 19 15 14 13 12 10 9 9 8 6 3 3 3 3 2 1 1 
3 3 4 5 6 10 11 13 13 13 15 16 17 17 18 18 18 19 21 21 22 22 22 23 23 24 25 25 28 29 29 29 30 
251 30
28 27 26 26 20 19 17 16 15 14 12 11 10 9 9 9 8 7 7 6 5 5 4 4 4 3 3 2 2 1 
1 3 5 6 7 9 9 9 9 10 11 13 14 14 15 15 15 16 16 17 18 19 20 20 25 25 25 27 28 30 
259 8
30 28 28 21 20 16 12 5 
3 5 7 9 10 19 24 26 
211 23
30 30 30 28 27 27 26 26 24 24 23 23 19 18 13 12 11 10 8 6 5 4 2 
6 7 7 9 10 11 13 14 15 15 17 17 17 19 19 20 24 24 25 28 28 29 30 
226 15
30 27 25 25 23 20 16 16 15 13 11 3 2 2 1 
3 4 8 9 10 11 12 17 17 22 23 24 25 27 30 
495 22
29 27 27 25 20 20 19 18 17 15 15 14 14 12 10 9 8 7 4 4 2 2 
2 3 5 7 7 11 11 12 14 15 19 21 22 23 23 24 25 27 28 29 29 29 
141 7
15 13 9 7 6 4 1 
8 10 14 16 21 24 29 
335 7
26 22 22 11 8 6 3 
2 6 14 20 26 26 30 
214 32
30 29 29 28 27 25 25 22 18 16 15 15 15 13 12 11 11 11 10 10 10 7 7 6 5 5 5 5 4 4 3 2 
1 1 2 2 3 3 7 8 9 11 11 12 12 13 13 14 18 18 19 22 24 24 25 25 26 27 27 28 28 29 29 30 
286 18
30 29 28 28 26 24 23 23 23 21 13 12 11 10 8 3 3 1 
2 3 7 9 10 14 15 16 17 18 21 24 25 26 27 29 30 30 
108 20
30 30 29 29 28 26 24 24 24 22 19 19 18 17 17 6 5 4 2 1 
4 8 8 8 9 11 13 17 17 18 18 19 19 21 21 23 25 26 27 28 
469 31
30 26 26 25 25 24 24 23 22 21 21 20 19 18 18 18 18 17 14 14 12 12 11 7 6 6 4 3 3 1 1 
4 4 4 5 5 6 8 9 9 11 14 15 16 17 17 18 18 19 20 20 22 24 25 27 27 28 28 28 29 29 30 
149 21
30 29 29 27 26 24 24 23 23 20 20 19 17 14 13 13 9 9 3 2 1 
1 2 3 3 6 9 12 15 18 18 18 18 19 21 22 23 23 25 25 26 27 
253 17
29 28 27 27 26 25 23 23 23 19 19 10 8 6 4 2 1 
1 1 2 8 12 15 19 19 20 20 20 23 24 24 24 25 28 
476 11
29 28 27 26 18 12 10 9 8 5 4 
1 3 5 8 10 11 12 14 18 18 28 
348 21
29 29 29 25 20 18 18 18 16 15 15 13 10 7 6 6 6 5 3 2 2 
1 10 10 11 13 14 15 16 16 16 18 18 23 23 24 25 25 26 26 27 30 
477 32
30 28 28 28 27 26 26 25 23 23 23 23 23 21 20 20 18 17 16 15 12 12 8 7 7 6 5 4 4 3 2 2 
4 4 4 5 5 6 6 7 7 7 8 9 10 11 12 12 15 17 20 20 22 24 24 24 25 26 26 27 28 30 30 30 
277 33
30 28 28 26 26 25 24 24 24 24 23 22 22 22 20 19 18 17 13 11 11 11 10 9 9 6 6 6 4 4 3 3 2 
1 2 2 2 3 4 4 6 7 8 8 8 11 11 11 12 12 12 14 14 15 16 16 18 19 21 23 25 25 26 27 29 30 
290 8
30 29 24 18 16 9 5 2 
4 6 7 9 11 12 13 30 
104 7
27 26 22 12 3 2 2 
6 12 14 14 21 24 27 
453 20
30 28 27 26 25 24 21 21 21 18 18 18 13 12 12 9 9 9 9 3 
1 2 2 2 6 6 10 12 16 18 19 24 24 27 27 28 28 29 29 30 
362 26
30 30 29 28 28 25 25 24 24 23 22 22 22 21 18 18 17 16 11 9 9 9 8 8 5 2 
6 6 10 10 11 12 13 13 14 14 17 18 18 19 20 21 21 23 23 23 23 26 27 27 28 30 
401 18
29 28 25 19 17 17 14 14 12 10 10 8 8 6 4 4 2 1 
1 2 4 5 6 8 9 10 10 13 21 22 24 25 26 26 28 28 
168 16
25 22 21 19 18 18 17 14 14 12 10 10 9 7 2 1 
2 3 6 9 15 17 17 18 18 20 21 27 27 28 30 30 
454 5
30 28 13 11 9 
2 19 19 19 27 
304 23
23 23 22 20 19 18 17 16 16 14 12 11 11 10 8 8 7 7 6 6 5 4 1 
1 3 3 7 8 8 9 9 10 11 11 11 14 16 16 17 18 21 22 22 22 24 26 
418 10
26 25 24 22 17 16 15 13 13 4 
1 11 13 16 17 18 19 27 30 30 
446 11
30 25 25 25 24 19 16 7 5 4 2 
7 10 11 15 20 20 21 23 26 26 29 
134 8
28 27 23 19 17 13 5 5 
4 5 6 7 23 24 25 29 
338 18
30 29 27 25 21 15 14 12 11 11 10 10 8 8 4 3 2 1 
2 6 7 8 8 10 10 17 18 19 21 23 23 26 26 28 29 30 
435 18
30 29 28 27 26 26 24 24 22 21 20 13 12 10 7 6 2 2 
2 2 6 8 8 10 12 14 16 16 17 20 20 20 22 27 27 29 
250 20
29 27 26 19 19 19 17 16 13 11 9 9 8 8 7 7 6 5 3 2 
3 3 5 7 8 8 9 12 15 18 18 19 22 23 24 24 24 27 28 30 
181 28
28 26 25 23 23 21 20 18 17 16 16 15 14 14 14 12 11 9 9 8 7 7 6 6 3 3 2 1 
2 2 4 4 5 5 5 6 10 12 13 15 16 17 17 18 18 20 20 22 22 22 22 25 27 28 30 30 
164 32
30 28 26 26 26 23 23 22 22 20 19 19 18 18 17 17 16 16 13 12 12 11 9 8 6 3 3 2 2 2 2 1 
2 3 5 5 5 5 6 7 9 10 11 12 14 15 15 15 16 17 17 19 19 20 20 25 25 25 26 27 27 27 28 29 
307 23
29 29 28 28 28 27 26 24 21 21 20 17 16 14 11 10 10 9 8 8 7 2 1 
5 5 8 10 11 14 14 15 17 17 17 18 18 19 19 20 21 23 23 23 24 25 27 
123 33
30 29 28 27 23 22 22 18 18 16 16 15 15 15 13 13 13 13 13 12 11 10 10 10 10 9 9 8 8 7 6 4 4 
1 2 3 3 4 4 4 5 6 9 9 10 11 11 12 14 15 17 17 17 17 18 19 21 21 22 22 22 24 27 29 30 30 
352 22
30 29 28 25 24 19 18 18 17 17 16 16 15 14 13 12 11 10 10 8 7 6 
1 1 1 5 8 15 15 17 17 20 22 23 24 25 25 26 26 27 28 29 30 30 
212 19
28 28 28 28 27 20 18 15 15 15 10 10 8 7 7 6 4 3 1 
1 2 3 4 4 4 8 14 14 15 15 15 16 16 19 23 26 26 27 
137 5
20 10 8 5 2 
7 17 18 25 25 
478 21
28 27 26 21 19 18 15 15 13 11 10 8 8 6 5 4 3 3 2 1 1 
3 6 8 8 9 11 12 12 13 17 19 20 22 22 23 23 24 25 25 26 27 
369 26
30 30 29 28 27 26 23 23 20 18 16 16 14 13 12 12 10 9 9 8 6 4 4 4 3 2 
2 4 5 6 8 9 9 10 10 11 11 13 14 15 16 17 19 20 21 21 21 22 26 29 29 30 
200 19
29 27 26 26 26 24 21 19 18 18 12 10 9 8 7 7 4 3 3 
1 1 1 4 7 8 8 9 10 12 13 13 14 14 15 18 19 25 28 
144 21
29 28 28 28 27 26 25 24 23 23 22 20 18 18 13 10 4 4 3 1 1 
4 5 6 6 9 9 12 13 14 14 15 16 17 19 22 23 25 25 27 28 28 
225 31
30 29 29 27 27 23 22 21 20 19 19 19 16 16 16 14 12 12 12 11 11 10 10 9 9 9 9 8 7 6 5 
1 2 2 5 7 14 15 16 17 18 19 20 20 20 21 21 23 23 23 24 25 26 26 27 27 27 28 28 28 29 30 
208 6
29 25 23 11 9 8 
3 4 12 13 22 27 
189 29
26 26 26 26 25 24 23 22 21 20 20 19 19 19 19 18 18 16 15 13 12 12 11 10 7 5 4 4 3 
1 1 3 3 4 5 8 10 11 11 13 13 13 17 17 18 19 20 21 21 22 22 22 22 24 26 27 28 28 
478 31
30 30 28 27 27 27 27 23 20 19 19 17 15 15 14 14 14 14 11 10 9 8 7 4 3 3 3 2 2 2 1 
3 4 5 6 7 8 10 12 13 14 14 19 20 21 21 21 22 22 23 23 25 25 26 26 26 29 30 30 30 30 30 
112 28
30 30 28 26 26 26 26 26 26 25 24 23 22 21 18 15 14 13 12 12 12 11 10 9 7 6 3 1 
1 4 6 7 7 8 8 8 10 10 14 14 14 14 15 16 17 17 18 19 20 20 20 21 22 24 27 30 
379 15
27 27 26 25 23 21 19 14 13 12 12 9 7 3 2 
2 4 8 8 13 14 14 16 17 17 24 24 24 25 25 
278 25
30 26 23 23 22 22 21 21 21 20 19 18 17 16 15 14 13 9 8 5 4 4 4 4 2 
3 4 5 5 5 6 6 7 8 10 11 13 14 14 17 20 20 22 23 23 25 26 28 28 30 
107 25
30 29 28 27 25 25 25 25 24 23 22 22 21 18 18 14 14 12 12 11 8 8 8 2 1 
1 1 1 1 2 4 6 7 8 12 13 14 15 15 18 19 19 23 24 24 25 26 26 27 29 
240 17
30 25 23 23 19 19 16 13 12 11 8 6 6 4 2 2 1 
2 2 4 4 5 8 11 14 16 17 19 20 21 24 25 26 28 
231 19
30 30 27 27 25 24 20 19 16 16 8 7 7 6 5 5 4 3 1 
5 8 9 11 12 15 16 16 18 20 21 22 24 25 27 27 29 30 30 
310 22
30 29 27 27 22 21 19 19 19 17 15 14 13 12 9 8 5 4 4 2 2 2 
2 2 3 5 7 11 11 11 11 13 13 16 19 20 22 22 23 25 25 25 26 29 
155 14
29 28 27 27 25 17 17 12 12 10 9 7 6 3 
4 6 6 9 10 11 13 14 20 22 23 24 27 30 
145 6
29 29 24 16 1 1 
4 10 13 19 22 29 
332 12
30 27 27 24 21 16 12 6 6 5 2 2 
2 4 7 10 11 11 14 21 21 23 30 30 
359 18
30 30 24 23 22 20 19 18 17 16 16 14 12 12 9 5 5 3 
2 2 2 3 3 5 8 10 11 12 12 13 14 17 20 21 21 24 
463 12
30 30 30 28 26 26 18 10 8 6 5 4 
2 2 8 10 11 18 18 19 22 23 24 28 
401 11
30 25 25 19 17 16 15 13 11 9 5 
4 5 11 11 12 16 18 18 21 27 29 
358 16
30 27 26 24 24 24 22 19 16 16 8 5 4 2 1 1 
1 2 3 3 6 10 10 10 11 12 15 23 26 28 28 30 
395 15
29 29 26 24 23 20 13 9 7 6 5 4 2 1 1 
7 10 11 13 14 14 15 18 18 21 24 26 27 28 30 
197 33
29 29 29 26 24 23 22 20 19 19 19 17 16 16 15 15 14 14 14 13 13 12 12 12 12 12 9 8 8 6 4 4 1 
1 1 1 3 5 6 6 7 8 8 8 9 9 10 10 10 11 12 13 13 14 15 16 16 19 20 22 23 23 27 29 30 30 
355 5
29 28 26 16 15 
1 21 22 24 26 
112 26
30 30 29 29 28 25 24 22 22 22 21 21 18 18 14 14 13 10 9 9 8 7 7 3 1 1 
1 1 2 2 3 3 4 5 6 8 8 12 12 12 13 16 17 18 18 18 22 23 24 25 26 30 
182 34
29 28 27 25 25 24 23 23 21 21 20 20 19 18 17 17 16 16 15 14 13 10 9 9 8 6 6 5 3 3 1 1 1 1 
1 1 1 2 3 4 4 5 8 8 12 13 13 14 14 15 16 16 17 17 18 19 19 22 22 23 24 25 25 26 27 28 29 30 
275 5
29 27 18 12 2 
3 20 21 25 27 
175 29
30 30 28 25 25 25 24 23 21 21 20 19 18 18 18 17 16 15 13 13 9 8 7 7 7 7 6 5 4 
2 3 6 6 6 8 8 8 8 8 9 9 9 10 10 10 11 13 15 15 16 21 21 22 23 23 24 29 30 
210 21
29 27 25 25 24 24 23 22 18 17 13 13 13 11 11 10 10 8 7 5 5 
1 2 3 4 6 6 6 8 9 9 9 14 15 16 17 19 23 24 27 27 30 
407 6
30 26 25 6 2 1 
4 6 8 11 20 25 
269 12
23 22 21 20 16 15 13 11 6 5 4 2 
2 7 8 16 17 21 23 24 26 27 28 29 
161 19
30 29 26 26 23 23 22 21 20 18 17 16 16 12 9 7 6 5 2 
3 3 3 6 6 7 8 8 10 11 13 13 14 20 24 24 27 29 29 
135 22
29 28 27 25 24 23 23 23 22 22 20 19 17 14 14 13 11 10 10 3 2 1 
1 3 5 11 12 12 13 13 14 16 17 18 19 20 21 22 25 26 26 28 29 30 
412 27
29 28 27 25 25 21 21 20 19 18 17 16 16 16 15 15 14 14 13 13 11 10 8 5 3 2 1 
1 3 5 5 6 8 8 11 11 12 12 12 13 13 14 16 16 16 20 21 22 22 23 25 25 26 27 
314 26
28 28 28 27 27 27 26 25 22 22 21 21 21 18 18 16 16 15 15 13 10 8 7 5 5 1 
1 2 4 4 7 7 9 10 10 10 10 11 11 17 17 18 18 19 19 20 23 26 27 29 30 30 
220 9
23 20 9 8 6 5 5 3 2 
4 7 9 10 14 17 19 27 30 
236 21
27 27 23 22 22 22 22 21 18 17 12 11 10 9 8 7 6 3 2 1 1 
1 1 5 6 12 13 14 16 16 18 18 19 20 21 22 23 26 26 28 28 29 
375 5
28 27 25 12 7 
5 11 17 25 26 
187 18
29 29 24 23 23 22 17 17 15 13 13 13 12 11 11 10 7 5 
2 2 3 3 8 10 12 13 14 16 18 21 21 22 25 26 28 28 
366 9
22 16 16 15 15 14 12 11 2 
1 4 4 7 9 14 15 18 24 
283 12
20 17 13 13 13 12 11 9 9 9 4 3 
5 6 7 10 13 13 15 16 21 24 24 27 
211 31
28 28 28 27 27 23 23 23 22 20 16 16 14 14 14 14 12 12 11 10 9 9 9 8 7 7 5 5 4 2 1 
1 3 3 4 5 6 9 10 10 10 12 14 14 16 16 16 17 19 20 20 21 22 23 24 25 27 27 28 28 29 30 
140 24
30 28 26 26 25 24 23 23 23 22 21 21 20 19 16 15 12 11 11 11 8 6 3 3 
1 2 4 5 6 6 8 11 11 11 14 15 22 23 23 24 24 24 25 25 26 27 28 29 
292 25
30 29 27 26 21 19 19 17 16 16 16 16 15 10 9 9 9 8 8 8 7 6 3 3 2 
1 2 3 4 4 7 7 8 8 10 10 13 14 14 16 16 17 18 19 20 22 25 26 28 29 
450 12
27 19 11 10 8 7 6 5 5 4 3 2 
2 2 3 4 6 12 15 16 17 18 25 27 
299 25
28 27 27 25 24 24 23 23 22 22 22 21 20 19 19 18 14 11 11 9 6 6 4 2 1 
2 4 5 8 9 10 10 11 11 12 14 18 19 21 21 23 23 24 24 24 26 27 28 28 29 
253 10
27 23 23 17 17 17 12 11 8 8 
5 6 7 7 10 10 16 20 21 24 
409 26
30 29 29 29 27 25 25 22 19 19 18 18 16 16 14 13 13 9 9 9 9 7 5 4 3 1 
1 1 2 5 7 8 9 10 12 12 14 14 14 14 14 15 18 22 22 22 24 26 27 27 27 30 
327 13
26 26 26 25 22 21 16 15 15 14 11 8 7 
4 8 12 13 15 17 18 18 21 24 24 30 30 
240 7
30 30 10 9 8 6 2 
9 11 19 20 25 27 28 
284 5
27 24 21 17 2 
5 5 21 27 30 
196 15
26 23 20 20 18 16 11 8 8 6 6 4 3 2 1 
2 2 4 8 9 10 14 14 19 20 22 24 24 25 27 
165 18
30 30 28 26 23 23 23 18 16 16 16 16 15 11 9 9 5 4 
2 4 4 5 6 7 8 8 8 12 14 22 23 24 24 27 29 29 
114 22
27 25 24 22 22 21 19 19 18 18 13 13 12 8 7 6 5 2 2 1 1 1 
3 4 4 6 8 9 14 16 17 17 19 20 21 23 25 25 26 26 27 27 30 30 
167 10
30 23 19 16 12 10 8 6 5 1 
1 1 2 6 12 12 13 17 23 27 
104 25
28 28 25 23 22 21 21 20 19 16 14 13 13 9 9 8 7 5 5 3 3 2 1 1 1 
1 2 3 3 3 4 5 8 9 12 13 15 15 17 18 18 18 20 21 22 22 23 25 26 30 
194 12
29 29 29 28 25 20 19 12 8 8 8 1 
1 1 3 8 10 15 20 25 28 28 29 29 
474 15
30 27 23 21 20 20 18 17 14 6 6 4 3 2 1 
2 3 4 4 8 12 14 15 17 20 22 24 25 25 28 
426 32
29 28 27 27 27 23 23 21 20 20 19 19 19 18 17 17 15 13 12 12 10 9 8 7 7 7 6 6 6 2 1 1 
1 1 1 2 2 3 4 5 5 6 7 8 10 12 12 12 13 16 16 17 18 18 20 21 22 24 24 25 26 27 27 29 
162 14
30 27 25 22 19 18 18 15 14 12 12 10 6 3 
3 4 8 10 10 13 13 19 19 19 22 23 28 30 
217 7
28 27 20 19 14 12 8 
2 4 16 18 22 24 26 
283 19
30 23 21 20 20 17 17 16 14 10 8 7 7 6 5 4 4 3 2 
1 2 2 3 6 8 10 11 15 18 19 19 20 23 24 24 25 30 30 
408 25
30 28 28 28 25 25 22 21 20 17 16 16 15 14 14 12 11 10 9 9 8 7 6 3 2 
1 4 5 9 10 12 12 12 13 13 14 14 18 19 20 20 21 24 24 25 25 26 27 28 30 
355 34
30 30 30 28 28 27 26 26 26 25 25 24 22 22 22 20 20 17 16 16 16 15 14 13 11 11 10 8 8 7 6 3 1 1 
2 3 4 5 5 7 7 7 8 9 9 11 12 12 14 14 14 15 16 16 16 20 20 21 21 21 21 23 24 24 24 26 28 30 
477 31
30 30 30 28 27 27 26 25 25 24 21 20 19 18 17 16 15 15 15 14 14 13 10 9 7 5 3 3 3 2 1 
2 4 4 4 5 5 7 7 9 10 10 11 12 13 13 15 16 16 17 17 18 18 21 21 21 22 25 25 27 29 30 
422 23
30 29 28 28 26 24 24 24 24 23 22 22 21 19 13 12 12 11 10 3 3 2 1 
1 1 2 4 4 6 15 16 16 17 18 19 21 22 22 24 24 24 25 25 27 27 30 
232 31
30 30 30 29 27 27 26 25 23 21 21 21 18 18 16 13 12 10 9 9 9 9 8 7 5 5 4 3 3 3 3 
1 1 3 5 5 6 6 6 8 8 10 11 11 12 12 13 14 16 16 18 19 20 21 23 25 26 27 28 29 29 30 
347 24
29 28 26 26 26 25 25 22 20 20 19 18 17 15 13 13 12 11 9 9 7 6 4 1 
1 2 3 4 5 6 6 8 8 8 10 11 13 13 15 15 15 15 16 22 22 24 25 27 
192 23
30 30 28 28 28 28 27 27 25 24 23 22 22 18 17 16 13 11 10 10 10 6 5 
1 4 7 7 7 8 8 9 9 10 11 11 12 15 17 19 20 20 20 22 23 25 26 
356 13
28 26 26 20 17 16 15 14 14 10 10 5 5 
3 3 5 6 6 7 10 14 17 21 26 28 30 
161 18
29 28 27 26 25 24 24 22 22 20 20 19 19 15 13 13 12 6 
1 3 4 7 7 8 12 14 15 16 18 20 20 20 21 22 23 27 
269 31
30 28 27 26 26 25 25 24 22 21 20 19 17 17 16 15 15 14 14 14 13 13 13 12 8 8 8 6 3 3 1 
1 2 3 3 4 4 5 5 7 11 11 12 13 14 14 15 15 16 17 18 18 19 21 22 24 25 27 27 28 29 30 
365 18
29 28 28 23 22 19 11 8 8 7 6 5 5 5 4 3 2 1 
1 3 5 5 10 10 10 11 13 16 18 23 24 26 27 28 29 29 
358 17
28 28 27 26 26 25 22 20 17 16 14 12 6 5 5 4 1 
5 5 11 13 14 15 16 17 19 20 20 21 21 27 27 28 28 
217 20
29 27 26 20 19 18 17 17 17 15 15 15 14 13 11 10 9 8 5 5 
1 1 2 2 8 10 13 14 15 17 17 20 21 21 22 22 25 26 27 29 
210 34
29 27 27 25 24 24 23 23 23 22 20 19 19 19 18 17 16 16 14 14 14 11 11 11 10 8 8 6 5 5 5 3 3 1 
1 1 1 2 2 3 3 3 4 4 4 5 9 10 12 12 13 15 20 20 20 20 21 22 22 22 23 24 26 27 27 29 29 29 
274 27
29 28 27 25 24 23 23 23 22 22 21 19 17 17 16 15 14 12 10 10 10 10 10 7 6 5 2 
1 1 2 3 6 6 8 8 8 8 9 10 11 11 14 16 17 17 17 19 22 23 23 24 24 27 29 
318 16
30 29 27 23 18 18 14 14 13 12 10 7 5 5 2 1 
1 2 5 6 6 8 12 16 16 19 20 22 26 28 28 30 
156 28
30 29 28 23 23 22 21 21 21 19 19 19 18 18 17 15 9 6 5 5 5 4 4 4 3 3 2 2 
2 2 2 4 5 8 9 10 10 10 10 11 12 12 12 13 16 16 17 18 23 24 24 25 27 27 28 30 
248 22
30 30 29 28 25 25 25 23 21 20 20 19 17 16 16 13 12 9 9 7 7 6 
1 2 3 3 5 8 9 11 13 15 17 18 21 21 21 21 22 23 25 27 28 29 
494 13
30 28 27 24 23 22 17 15 11 5 4 4 2 
2 2 11 12 15 16 20 22 23 25 25 25 28 
368 32
30 29 29 29 26 25 23 22 22 20 19 19 18 18 17 17 16 16 16 16 13 9 8 8 7 7 7 7 6 5 4 3 
2 5 5 5 8 8 8 9 10 10 10 11 15 15 15 17 18 19 21 23 23 23 24 25 27 28 28 28 29 29 29 30 
299 9
30 27 22 20 16 16 13 11 8 
4 10 11 12 14 16 18 19 23 
344 28
30 28 26 25 24 24 23 22 21 21 18 15 14 13 12 12 9 8 8 7 6 6 5 5 4 4 1 1 
1 2 3 4 6 9 9 9 10 11 11 15 15 15 16 19 19 20 21 23 24 24 25 27 28 30 30 30 
473 16
30 28 27 26 25 25 23 20 19 18 16 10 7 4 4 2 
1 1 2 5 15 15 16 16 17 18 20 20 23 25 27 30 
152 15
29 29 25 23 21 20 17 13 12 11 11 9 8 7 1 
3 6 7 8 9 14 15 17 18 21 21 26 28 28 30 
272 6
26 25 24 18 16 14 
1 7 20 22 25 30 
213 19
27 23 23 22 22 21 17 16 15 15 12 10 10 9 6 6 5 4 1 
4 8 9 10 10 11 12 13 15 15 17 19 19 20 21 22 25 26 29 
420 24
29 28 27 26 26 25 25 25 25 20 17 17 16 13 12 11 8 8 4 4 3 3 1 1 
2 3 3 4 5 7 8 10 15 15 16 16 17 17 18 20 20 23 24 24 25 26 26 29 
205 22
24 23 22 21 20 20 20 19 17 15 14 13 12 11 9 9 7 6 5 4 1 1 
2 2 3 3 5 7 12 14 15 15 15 17 18 18 19 22 22 23 24 24 26 27 
287 25
30 29 27 26 26 26 24 22 21 20 19 15 14 13 12 10 10 10 9 8 5 4 3 1 1 
3 3 3 10 12 12 13 13 13 15 15 17 18 20 21 21 23 24 24 26 27 27 28 28 28 
279 9
28 24 24 22 15 6 4 3 1 
1 3 4 10 13 20 21 21 27 
495 15
28 24 22 18 16 15 15 14 10 10 10 8 8 7 5 
2 2 5 6 7 8 15 17 18 19 25 26 26 28 28 
433 34
30 28 28 28 27 26 26 26 26 25 25 23 22 20 20 18 18 18 18 15 13 11 11 10 9 9 9 8 7 5 4 3 3 1 
1 2 3 3 3 3 3 6 7 8 8 12 12 14 15 15 15 17 19 20 20 21 22 23 24 25 25 26 28 29 29 30 30 30 
416 25
30 30 29 27 26 26 23 22 21 21 20 20 17 17 17 14 13 12 12 10 9 9 3 1 1 
1 2 2 2 5 6 7 9 9 11 13 13 14 17 17 19 19 22 23 24 24 24 25 26 30 
487 9
28 22 18 8 6 5 4 4 1 
6 11 12 13 18 20 20 21 29 
304 19
30 29 28 28 28 27 25 23 19 16 15 12 11 11 7 6 5 3 2 
1 4 5 7 7 8 9 11 13 14 17 20 21 23 25 25 28 28 29 
318 7
20 20 15 14 11 9 4 
11 13 13 21 23 26 27 
436 30
29 28 28 28 27 26 25 24 24 23 23 21 17 17 16 15 14 13 11 11 9 8 7 7 6 5 3 2 1 1 
3 3 3 4 5 5 6 6 8 8 11 12 12 12 16 16 18 18 19 20 21 21 22 22 23 24 24 24 28 30 
417 28
28 28 25 24 23 23 20 19 18 17 17 16 16 16 15 15 15 14 11 9 9 8 7 4 3 3 3 1 
4 4 4 5 7 7 7 8 9 9 10 11 12 15 16 17 17 18 18 19 20 21 22 24 24 24 26 27 
162 21
30 30 29 28 19 19 18 16 15 15 11 11 10 9 8 8 8 7 5 3 2 
3 4 4 5 6 6 8 9 13 17 18 20 20 21 22 22 23 24 29 29 29 
195 5
25 25 20 13 9 
1 3 3 10 22 
268 31
30 30 30 29 27 27 26 26 25 25 24 23 21 21 19 17 16 16 15 13 12 10 9 8 7 6 4 4 3 3 1 
2 2 2 2 5 5 6 6 6 7 7 10 11 11 13 13 17 18 18 20 20 21 21 22 27 27 27 28 29 29 30 
482 8
29 26 22 22 21 17 17 9 
2 4 9 22 24 25 26 26 
370 25
30 26 26 25 24 23 22 22 21 18 18 17 15 14 13 13 10 10 8 8 6 5 5 5 5 
2 4 4 4 5 5 5 8 9 10 12 13 14 15 15 16 17 18 23 23 25 28 28 30 30 
202 6
24 23 12 11 4 3 
1 4 13 19 25 30 
374 32
30 30 29 29 28 27 27 25 24 24 23 20 20 19 18 16 16 15 13 11 11 10 9 9 7 6 5 5 4 3 1 1 
1 2 2 3 4 5 7 7 7 8 9 9 10 10 11 15 16 19 19 20 22 22 23 23 23 26 26 28 28 30 30 30 
401 20
28 27 27 26 25 25 24 23 22 21 20 20 15 15 11 8 8 8 4 4 
3 3 3 4 4 9 11 16 16 16 17 18 20 21 21 21 22 23 23 24 
263 18
26 24 22 22 21 21 18 16 15 12 10 9 8 8 7 5 4 3 
7 8 9 12 12 14 15 18 19 19 20 21 22 23 25 25 27 30 
435 5
30 24 24 20 3 
7 12 23 24 26 
188 22
30 29 29 27 24 23 21 20 20 20 19 17 16 15 14 14 11 10 9 8 7 3 
2 6 6 7 8 11 12 14 15 15 16 21 22 26 27 27 27 27 29 29 29 30 
257 27
29 25 25 25 24 21 19 19 18 18 17 14 14 13 13 10 9 9 7 5 4 4 4 2 2 1 1 
1 1 3 3 3 4 6 8 9 10 10 11 20 20 21 21 22 22 23 24 25 25 28 28 29 29 30 
268 14
27 25 25 24 22 18 16 16 14 14 10 9 8 4 
2 3 7 15 15 17 18 19 20 20 23 28 28 28 
243 15
29 26 25 23 17 15 15 13 12 11 10 10 7 7 1 
1 2 2 8 11 14 23 26 27 27 27 28 29 29 30 
116 27
29 28 27 26 26 25 24 24 22 22 22 21 21 18 18 16 14 14 13 11 10 9 7 6 6 5 3 
1 2 3 4 6 8 9 10 10 10 11 12 12 12 14 14 15 16 16 17 19 19 20 22 25 26 28 
233 24
30 27 26 26 25 25 25 24 23 21 21 19 17 12 12 10 9 8 7 6 5 4 2 1 
3 3 4 6 7 8 8 11 12 12 14 15 16 18 18 19 19 20 20 25 25 27 27 29 
294 10
28 25 15 15 10 7 5 3 1 1 
2 4 4 4 5 10 16 16 18 30 
294 19
30 25 25 22 20 17 17 15 14 11 11 10 10 5 4 3 2 1 1 
2 8 9 11 11 12 12 13 13 14 16 18 19 21 21 22 25 29 29 
366 7
29 23 15 13 11 8 7 
2 3 5 8 12 28 29 
441 26
30 29 28 26 25 24 23 22 22 21 21 21 19 19 16 15 13 11 10 10 10 9 8 4 4 3 
1 3 3 4 5 6 7 8 9 11 11 11 12 12 14 17 17 18 20 22 22 22 26 27 27 29 
448 14
29 23 22 21 21 20 15 15 6 6 5 3 3 1 
8 8 8 11 15 17 19 19 23 26 26 27 29 30 
102 29
29 25 25 24 21 20 19 18 17 17 16 16 15 15 14 14 14 11 9 8 7 7 6 6 5 4 4 1 1 
1 1 2 3 5 6 6 7 7 7 8 9 12 13 14 18 18 22 23 23 24 24 25 25 26 26 28 30 30 
224 8
24 24 20 19 13 8 3 1 
14 17 21 26 27 27 28 29 
423 15
30 26 22 22 19 18 17 16 16 15 11 10 5 3 1 
1 4 5 6 11 13 14 15 16 17 17 19 22 24 26 
282 16
26 25 23 17 16 16 15 13 12 10 10 9 8 7 7 4 
5 7 10 13 17 18 19 22 22 24 25 26 26 27 30 30 
380 25
30 29 28 28 27 24 23 22 21 20 19 18 16 16 15 14 13 10 9 9 7 6 4 2 1 
1 2 2 3 4 5 10 11 13 16 16 18 19 20 21 21 22 24 24 25 26 26 28 28 30 
229 14
29 26 26 23 22 20 18 14 13 13 9 8 3 1 
2 5 6 9 13 15 15 17 19 20 25 25 27 28 
383 32
30 29 27 26 21 21 21 20 20 18 17 16 16 15 15 14 13 13 11 11 10 7 7 7 6 6 5 4 4 4 3 1 
1 2 2 3 3 4 4 5 6 7 7 8 11 11 12 17 19 20 21 22 23 24 24 25 26 26 29 29 29 30 30 30 
196 25
29 27 27 26 24 24 22 22 18 17 16 16 15 14 14 13 13 12 11 10 9 7 3 2 1 
6 7 8 10 10 11 11 11 12 13 16 17 18 18 20 21 21 24 25 25 26 26 29 29 30 
136 30
28 26 26 25 23 22 19 18 18 18 17 16 16 14 14 13 11 10 10 9 8 8 4 4 3 2 2 2 2 1 
1 1 2 2 4 6 7 7 7 8 8 9 10 10 10 12 13 18 18 19 22 22 24 25 26 26 27 28 28 29 
487 13
30 28 26 25 24 22 18 16 8 6 6 3 1 
3 11 12 16 17 18 18 19 22 23 23 26 29 
277 5
26 23 15 11 5 
8 13 14 15 22 
300 20
30 22 22 21 21 18 15 14 14 13 12 12 9 5 5 3 2 1 1 1 
2 4 5 8 8 10 10 10 13 14 17 21 23 23 23 24 24 26 28 29 
488 18
29 28 28 23 19 18 13 12 9 9 8 6 5 5 4 2 2 1 
1 3 4 7 7 7 7 11 12 16 18 18 19 21 22 22 24 27 
173 25
30 29 27 24 22 22 21 21 19 18 18 15 14 12 11 10 10 9 7 6 4 4 2 1 1 
3 3 7 8 10 11 13 13 14 14 15 15 16 16 19 20 21 22 22 22 22 24 28 30 30 
162 10
29 25 23 14 12 10 9 5 4 4 
1 4 8 8 9 18 19 20 22 24 
