400
159 9
30 23 20 18 17 14 8 7 1 
10 13 17 20 21 21 23 27 30 
362 12
28 27 25 24 20 18 17 16 11 8 6 1 
5 6 7 12 12 15 17 18 21 23 24 26 
370 11
29 27 24 22 20 15 14 8 7 4 1 
1 5 11 11 12 16 18 20 21 23 30 
166 24
30 28 26 25 23 22 21 20 19 18 17 16 15 14 13 12 11 10 8 7 6 4 3 2 
4 4 5 5 7 7 10 11 11 11 12 13 14 14 15 17 18 20 20 23 24 25 26 30 
315 7
20 17 9 8 6 4 2 
1 2 5 7 22 25 29 
334 7
29 23 21 19 17 11 4 
2 4 12 13 20 22 23 
248 14
30 28 26 25 23 22 21 20 14 13 12 11 4 1 
1 3 8 9 14 16 17 20 23 23 24 26 27 30 
210 20
29 25 24 23 22 21 20 18 17 16 15 12 11 10 9 8 7 5 4 3 
2 5 6 8 9 11 14 16 17 19 20 23 24 26 26 26 26 27 30 30 
138 8
30 27 18 17 10 4 3 1 
3 3 4 4 7 21 25 26 
243 21
30 29 26 25 23 21 20 19 18 17 16 15 13 12 9 8 7 6 3 2 1 
4 4 6 7 7 9 9 9 12 13 14 16 17 17 17 20 20 22 23 25 28 
224 21
30 29 28 27 25 24 23 22 21 20 16 15 14 13 12 11 10 9 7 5 3 
3 5 8 8 9 12 12 16 18 18 19 19 19 20 20 22 23 24 25 26 28 
287 13
29 26 23 18 15 12 10 9 6 5 4 2 1 
3 5 6 8 8 18 20 20 22 22 27 28 28 
281 23
30 29 28 27 26 25 24 23 22 21 19 17 16 14 13 12 11 10 8 7 6 5 3 
4 6 6 7 7 7 8 9 9 9 9 13 13 13 15 17 19 20 21 23 28 29 30 
321 9
29 26 24 21 20 19 14 11 2 
1 7 8 15 16 18 29 29 30 
144 24
30 29 28 27 26 25 24 23 21 20 18 17 16 15 14 13 12 11 9 6 4 3 2 1 
2 2 4 6 7 8 10 10 12 12 12 13 13 20 20 24 25 27 27 27 27 28 28 29 
199 8
29 26 19 16 15 8 7 5 
1 4 5 6 7 12 16 25 
243 17
30 25 24 23 22 21 20 18 17 14 10 9 8 7 6 5 1 
1 2 6 7 13 14 15 15 15 16 19 19 24 24 26 26 30 
219 11
28 27 26 25 23 19 16 9 8 5 2 
3 4 5 10 13 13 17 17 27 30 30 
195 19
30 28 27 26 24 23 21 20 19 17 16 14 11 10 8 7 5 3 1 
4 5 6 6 7 8 8 10 14 16 16 17 18 20 22 23 23 24 24 
198 13
30 28 25 20 19 18 17 15 13 10 9 8 6 
1 1 2 3 3 4 6 6 10 24 24 27 27 
199 16
29 26 22 20 19 18 17 16 13 11 10 8 6 5 4 1 
7 8 8 11 11 12 12 14 15 18 18 18 20 22 29 30 
343 10
30 29 28 22 15 14 7 6 2 1 
6 7 8 11 19 20 20 21 25 28 
315 21
30 29 28 27 24 23 22 20 18 16 15 14 13 12 11 9 7 6 5 4 2 
1 2 5 5 7 9 10 11 11 12 13 17 18 21 21 21 23 28 28 29 29 
126 17
28 27 26 25 22 19 16 13 11 10 9 7 6 5 3 2 1 
7 7 9 12 12 12 13 15 17 20 22 23 24 24 26 26 27 
276 20
28 27 25 24 23 22 21 19 18 17 15 14 12 10 6 5 4 3 2 1 
2 2 4 5 7 8 9 11 11 12 13 14 18 20 25 28 28 29 30 30 
294 10
27 26 21 14 11 8 7 5 4 1 
4 5 6 6 9 10 16 20 21 29 
211 20
29 26 25 24 23 22 21 20 18 17 14 12 11 9 8 6 5 3 2 1 
1 2 6 6 10 14 16 16 17 17 18 21 21 24 25 27 28 28 29 29 
262 5
22 19 16 14 8 
3 9 12 14 27 
154 18
30 28 27 26 24 20 17 15 14 12 11 10 8 7 6 5 4 3 
2 13 13 14 15 15 15 18 21 22 23 23 24 25 26 29 30 30 
357 15
29 28 25 24 23 21 19 16 14 13 9 8 6 3 1 
1 4 5 7 8 9 11 15 16 21 23 23 24 25 30 
285 17
30 29 28 27 26 25 24 23 22 20 16 13 10 8 3 2 1 
1 6 8 9 11 12 14 18 18 19 21 22 25 27 28 29 29 
281 19
30 29 27 26 23 21 17 16 15 14 13 12 11 10 8 7 5 2 1 
1 1 3 5 5 6 8 12 13 16 16 16 21 21 24 25 26 27 30 
123 7
28 27 25 17 14 13 7 
2 3 5 6 7 23 27 
306 19
30 28 26 25 24 23 22 20 19 18 17 16 14 12 10 9 8 5 1 
2 3 5 5 5 9 15 16 17 17 18 19 24 24 25 26 26 27 29 
396 6
23 15 12 10 9 7 
1 3 3 16 18 27 
359 17
30 28 26 25 24 20 18 13 11 9 8 7 6 5 4 2 1 
1 2 3 6 10 11 11 13 13 14 16 16 18 22 23 24 26 
270 5
28 21 19 11 7 
1 1 12 19 27 
197 10
30 25 23 21 20 15 12 9 8 1 
1 2 4 5 10 11 12 22 25 28 
322 8
27 20 15 8 7 4 3 2 
1 2 8 10 21 22 25 30 
185 10
29 26 25 19 18 13 6 5 4 1 
3 6 9 9 11 12 13 15 18 29 
360 23
29 27 25 24 23 22 21 19 18 17 16 15 14 13 12 11 10 9 8 7 3 2 1 
2 4 4 7 8 13 13 14 16 17 17 18 20 22 22 22 23 26 27 27 27 28 30 
390 5
25 23 22 15 4 
6 6 19 25 29 
393 16
30 29 28 24 23 21 18 17 14 13 11 10 6 5 2 1 
4 4 5 7 8 9 10 11 11 11 14 18 24 24 26 26 
325 6
30 19 17 11 4 1 
1 2 7 7 15 25 
220 20
29 28 27 26 25 21 20 19 18 17 15 13 12 11 10 9 8 3 2 1 
1 1 1 2 7 7 8 9 12 13 15 16 17 20 22 22 24 29 30 30 
190 5
28 20 12 8 2 
1 5 25 26 30 
134 15
30 29 28 26 21 20 17 15 14 11 10 9 6 4 1 
1 1 5 7 8 11 12 15 16 18 19 23 24 26 27 
218 24
30 29 28 27 26 23 22 21 20 19 18 16 15 14 13 12 10 9 8 7 6 4 3 2 
3 7 7 9 10 10 16 16 17 17 18 19 20 21 22 22 24 25 25 27 27 27 29 30 
157 11
30 27 26 25 23 20 17 16 9 4 3 
2 3 16 17 19 19 21 24 26 27 28 
293 8
27 26 24 22 21 16 11 10 
5 13 13 15 20 25 29 29 
352 21
30 29 27 26 25 24 22 21 19 18 15 14 13 12 10 9 8 7 4 3 1 
3 3 3 6 6 8 9 9 13 13 15 15 16 17 17 19 21 22 22 26 26 
336 10
28 25 20 19 12 11 8 6 5 3 
1 2 3 3 7 13 16 16 23 29 
206 16
29 28 26 23 21 19 17 16 14 11 9 8 6 5 2 1 
1 2 10 11 12 16 17 18 19 19 22 24 26 26 27 30 
278 23
30 28 27 26 25 23 22 20 19 18 17 16 15 13 12 11 9 8 7 5 4 3 2 
3 3 5 5 6 6 8 10 12 16 16 17 18 20 21 23 24 24 25 26 26 27 29 
309 23
30 29 28 27 26 25 23 22 21 20 19 17 15 14 11 10 9 8 7 6 5 4 3 
3 5 5 7 7 10 12 12 13 14 16 18 18 18 20 21 21 23 24 26 27 27 29 
271 24
30 28 27 26 25 24 23 22 20 19 18 16 15 13 12 10 9 8 7 5 4 3 2 1 
1 1 2 5 6 8 8 8 8 8 11 11 15 16 17 17 20 22 22 23 23 24 29 30 
231 6
30 29 26 9 8 3 
5 11 21 22 24 30 
251 22
30 28 27 26 25 24 22 21 20 17 15 14 11 10 9 8 7 6 4 3 2 1 
6 6 7 7 8 8 10 10 12 14 14 15 16 17 17 18 19 21 23 23 24 28 
345 18
30 29 28 27 26 25 22 21 18 17 16 15 14 11 8 7 4 3 
9 10 11 13 13 13 15 16 19 20 20 20 21 22 25 25 26 28 
245 19
28 27 26 24 23 22 21 20 19 15 13 10 9 8 7 6 4 3 1 
4 4 5 6 8 8 10 10 11 12 13 14 14 15 15 17 17 21 26 
201 22
30 28 27 26 25 24 23 22 19 18 15 13 12 11 10 9 8 6 4 3 2 1 
1 2 3 5 6 8 8 8 9 12 12 12 16 17 23 23 24 25 26 28 29 29 
359 24
28 27 26 24 23 22 21 19 18 17 16 15 14 13 11 10 9 7 6 5 4 3 2 1 
1 2 3 4 6 6 7 7 9 12 16 16 18 19 22 22 23 24 25 27 27 28 29 30 
336 14
30 28 25 23 22 20 15 14 11 9 5 3 2 1 
1 3 5 7 8 15 15 21 22 24 24 26 26 28 
323 21
29 27 25 24 23 21 20 19 18 15 11 10 9 8 7 6 5 4 3 2 1 
2 4 4 4 5 7 7 9 9 11 14 15 16 20 20 22 23 27 27 27 28 
234 23
29 28 27 26 24 23 22 21 19 18 16 14 13 12 11 10 9 8 7 6 4 3 1 
5 5 6 7 7 10 10 11 12 15 15 19 20 20 21 21 21 23 23 24 24 25 27 
373 17
30 29 28 26 25 23 21 19 16 13 12 10 9 8 6 3 2 
2 7 11 13 13 14 14 14 15 15 16 19 20 20 25 28 30 
181 17
30 28 27 26 25 22 21 19 17 16 15 12 10 7 3 2 1 
2 3 6 8 11 13 13 15 19 20 21 23 24 28 28 29 29 
172 13
27 24 21 20 18 16 15 10 8 4 3 2 1 
1 2 5 8 11 15 16 16 16 24 24 25 28 
163 24
30 29 28 27 26 25 24 22 21 20 19 18 17 15 13 12 11 10 8 7 6 5 4 2 
1 1 1 2 7 7 7 8 8 12 13 13 14 14 15 17 18 18 18 22 23 25 26 27 
398 8
25 23 22 20 19 9 8 3 
6 10 11 12 16 18 21 24 
363 13
28 24 23 19 18 13 11 10 9 7 6 5 2 
1 8 12 12 14 19 20 20 23 24 27 28 28 
267 5
18 13 7 6 4 
3 5 19 20 23 
356 24
29 28 27 25 24 23 22 21 19 18 17 16 15 14 13 12 11 10 9 8 6 4 3 1 
2 7 8 10 11 11 12 13 14 15 15 15 16 18 18 20 20 21 22 23 24 26 27 28 
118 24
30 29 28 27 26 25 24 23 22 21 19 17 16 13 12 11 10 9 8 5 4 3 2 1 
1 3 3 5 5 7 9 10 10 11 11 13 13 14 15 17 18 18 20 21 22 23 27 30 
314 13
30 25 20 19 18 17 14 13 12 7 6 5 2 
4 6 7 8 12 16 17 18 19 20 21 21 24 
170 24
30 29 28 27 26 25 24 23 22 21 20 19 18 17 16 14 13 11 8 7 6 5 3 2 
1 1 2 2 4 5 6 9 10 13 13 13 14 14 15 15 15 16 18 24 26 28 28 30 
308 15
30 29 28 26 24 21 20 18 16 13 12 11 8 6 5 
3 4 6 12 17 17 19 21 21 21 24 25 25 27 29 
114 14
29 26 25 24 23 21 20 19 18 14 12 10 7 4 
2 6 10 10 14 15 16 20 23 26 27 28 28 30 
178 7
26 22 20 19 9 6 5 
1 11 11 16 23 29 30 
191 23
30 29 28 27 26 24 23 22 21 19 17 16 15 14 12 9 8 7 6 5 3 2 1 
1 1 6 7 8 9 9 10 11 15 18 19 22 23 23 24 24 25 25 26 27 28 30 
322 6
27 22 18 11 10 1 
4 11 14 16 16 26 
114 18
29 27 26 25 22 20 19 18 14 12 11 9 7 6 5 4 3 1 
2 3 6 8 9 12 15 20 22 23 23 26 27 27 28 28 28 29 
198 23
30 29 27 26 24 23 22 21 20 19 17 16 15 14 11 10 9 7 6 5 4 3 2 
1 1 2 4 4 5 7 7 9 11 13 14 16 16 18 20 22 22 24 25 28 29 30 
207 17
29 28 27 24 22 19 18 17 16 15 12 9 8 7 5 4 3 
1 1 1 3 4 8 8 9 14 16 16 17 17 21 24 27 30 
110 21
29 28 27 25 23 20 19 18 17 14 13 12 10 9 7 6 5 4 3 2 1 
4 5 6 7 8 9 11 14 14 14 14 15 18 19 20 20 25 27 29 30 30 
376 6
24 21 20 13 10 5 
14 18 20 28 28 29 
346 9
25 20 16 12 11 8 7 3 2 
2 7 8 9 20 21 22 25 27 
301 12
28 26 23 21 19 16 14 13 10 9 7 5 
2 3 3 5 14 17 18 19 22 22 24 26 
255 21
30 27 26 25 24 23 22 19 17 15 14 13 11 10 9 8 6 5 4 3 2 
2 3 4 5 7 9 10 14 15 16 18 19 20 23 26 27 27 28 29 29 29 
260 12
30 28 27 26 20 19 15 14 10 6 5 1 
4 7 8 8 9 9 13 15 21 22 26 28 
272 21
29 28 27 26 25 24 22 19 18 17 16 15 12 11 10 9 6 5 4 3 1 
1 1 3 7 9 9 11 12 12 12 13 14 14 15 19 21 22 22 26 28 29 
296 10
30 28 25 21 19 18 13 12 9 2 
4 8 9 10 13 17 21 22 24 24 
365 12
25 24 23 20 19 17 16 14 12 8 7 3 
1 2 4 5 5 7 9 13 19 20 26 28 
209 12
30 25 22 20 18 13 9 8 7 3 2 1 
1 2 5 7 8 8 9 12 13 19 21 26 
144 6
28 25 24 20 18 12 
2 5 15 19 22 22 
124 19
30 29 28 27 26 25 23 21 20 19 18 17 16 15 14 12 11 10 7 
1 3 4 5 5 8 8 9 9 11 14 18 19 25 27 27 28 28 28 
134 13
30 29 27 26 25 23 15 12 8 6 4 3 2 
1 2 9 9 10 11 13 15 15 21 21 22 25 
274 15
28 26 24 21 19 18 17 15 11 8 7 6 3 2 1 
1 3 4 5 6 9 14 16 19 20 20 22 26 29 30 
162 14
30 28 27 25 23 20 16 12 11 9 8 7 3 2 
2 2 3 9 12 12 13 14 16 17 17 24 27 30 
123 23
30 28 27 26 25 24 22 21 20 19 18 17 16 15 12 11 9 8 7 5 4 3 1 
4 4 7 7 9 11 12 12 12 15 16 17 17 18 19 19 20 20 21 25 25 30 30 
102 9
29 20 19 18 15 14 12 10 4 
3 6 10 12 13 17 18 25 30 
262 14
30 28 27 26 24 23 15 12 10 9 8 7 6 2 
1 2 5 6 7 10 11 14 14 15 19 24 29 30 
382 19
30 29 28 26 24 22 21 20 19 17 15 14 13 12 10 9 8 5 1 
2 3 5 7 7 8 8 11 11 14 17 19 20 21 23 24 25 26 27 
366 23
30 29 28 27 25 22 21 20 19 18 16 15 13 10 9 8 7 6 5 4 3 2 1 
3 5 6 6 7 11 13 15 15 15 16 18 18 19 19 24 24 25 26 26 26 27 28 
175 7
27 23 11 9 8 2 1 
3 5 8 13 18 22 26 
253 5
29 28 22 16 15 
2 10 16 19 22 
224 18
30 29 25 24 23 21 20 17 16 15 14 12 11 10 8 6 2 1 
2 4 5 9 12 14 15 15 16 18 19 20 21 22 23 30 30 30 
163 7
28 27 25 19 17 8 3 
6 6 13 17 17 27 28 
119 6
28 22 13 9 8 4 
2 2 5 12 14 29 
255 17
30 28 27 26 24 23 22 19 17 16 15 12 10 9 8 7 2 
1 2 2 3 3 3 4 6 6 11 15 15 16 17 23 26 27 
207 20
29 28 27 26 23 22 20 19 17 16 15 13 11 10 9 8 7 4 2 1 
1 1 1 3 3 4 5 5 7 8 9 10 17 18 20 24 25 29 30 30 
243 8
29 28 23 21 20 16 15 9 
3 8 13 13 15 16 20 23 
158 17
28 27 25 24 23 22 21 19 18 15 13 12 10 8 4 3 1 
1 4 6 7 9 12 13 14 17 17 18 18 19 22 25 27 27 
335 10
30 25 24 20 19 16 10 6 3 1 
2 4 4 4 10 18 19 22 30 30 
314 12
26 22 16 15 13 11 10 7 6 5 4 2 
2 2 3 5 5 8 10 12 12 23 24 29 
325 19
30 29 26 23 22 21 20 18 17 16 13 11 9 8 7 6 4 3 2 
6 6 8 9 9 10 10 11 14 15 16 18 21 23 24 26 27 30 30 
202 16
30 29 28 27 22 19 17 15 14 13 10 8 7 5 3 1 
2 2 4 6 7 9 10 12 13 14 16 16 21 22 22 30 
155 15
30 27 25 24 23 22 20 14 13 12 7 5 4 3 1 
1 3 4 7 9 11 16 16 18 23 25 25 28 29 29 
275 16
30 29 24 23 22 21 19 18 17 14 10 6 5 4 2 1 
2 12 12 15 16 17 17 22 22 22 24 26 30 30 30 30 
204 18
30 29 28 27 25 24 21 18 17 15 14 11 10 8 7 5 4 2 
1 3 4 5 6 9 10 12 13 13 14 14 16 17 22 25 29 30 
180 14
30 26 22 21 19 15 14 13 12 10 9 8 6 3 
6 7 10 10 11 13 13 15 17 18 19 24 26 29 
202 23
30 29 28 27 26 25 24 23 22 20 19 18 17 16 13 12 11 10 9 6 5 3 2 
1 2 2 4 4 4 4 6 6 7 10 11 17 18 19 19 19 20 23 23 25 27 29 
396 9
27 24 22 20 13 12 10 8 5 
2 4 6 9 11 13 27 29 30 
233 7
28 22 15 10 8 5 1 
8 12 16 16 24 26 27 
382 13
29 25 24 20 18 16 13 12 9 8 6 5 2 
1 1 6 7 8 10 12 16 17 18 20 21 30 
319 21
29 27 26 25 24 23 22 21 20 19 18 17 15 14 11 10 7 5 3 2 1 
4 4 5 8 8 9 9 11 15 17 19 19 20 21 22 22 23 25 27 30 30 
323 17
29 27 26 25 24 18 16 15 14 13 11 9 7 5 4 2 1 
1 2 4 5 7 8 11 11 19 20 21 22 24 25 26 27 30 
185 18
30 28 27 24 22 21 18 17 15 14 13 10 9 8 7 6 4 2 
2 3 3 4 6 13 15 17 17 20 20 21 22 22 27 28 29 29 
266 24
30 29 28 27 26 24 23 22 21 20 19 17 16 14 12 11 10 8 7 6 4 3 2 1 
1 6 7 8 9 10 10 13 14 15 17 20 21 21 23 24 24 24 24 26 26 26 29 29 
266 16
26 25 23 21 20 19 18 17 16 11 9 8 7 6 5 4 
1 1 3 4 4 5 10 11 15 16 17 18 22 26 28 30 
151 22
30 28 27 26 25 24 23 22 21 20 19 18 17 15 14 12 8 7 6 5 4 2 
1 4 4 5 6 6 9 13 13 15 17 21 22 23 25 25 26 26 26 27 27 27 
188 19
30 29 26 25 22 20 19 18 17 16 14 13 12 10 8 7 6 4 3 
4 6 6 6 6 6 7 11 13 13 14 15 17 21 21 27 27 28 29 
105 22
29 28 27 25 24 23 22 21 18 17 16 15 13 12 11 10 8 7 6 4 2 1 
1 2 3 3 5 8 8 9 9 11 14 15 20 23 23 24 25 26 27 27 28 30 
367 19
30 29 28 27 25 24 23 22 20 18 17 14 13 12 10 8 7 5 2 
1 2 9 11 14 15 18 18 18 19 20 22 23 24 25 27 27 27 28 
384 12
29 25 23 20 19 18 16 14 13 7 4 3 
3 5 6 9 11 11 12 13 15 17 25 26 
203 19
30 26 24 23 21 20 19 18 14 13 12 11 10 9 8 7 5 3 1 
2 5 6 7 7 8 8 9 10 19 20 21 22 22 23 26 28 29 30 
358 11
29 23 21 20 16 14 8 6 4 3 2 
9 11 17 18 21 23 24 26 27 29 29 
363 12
25 23 16 15 14 13 12 11 8 3 2 1 
3 9 11 11 13 19 22 22 26 26 27 29 
245 13
30 25 24 23 19 17 16 14 12 11 10 5 2 
4 7 7 11 12 13 14 14 16 22 22 23 25 
177 13
29 28 25 24 23 22 19 18 14 10 8 5 2 
4 5 5 8 9 14 15 16 18 18 23 28 30 
213 23
30 29 27 26 25 23 22 21 18 16 15 14 13 12 10 9 8 7 6 5 4 2 1 
1 2 3 7 7 7 9 9 15 15 19 19 19 19 22 22 23 24 25 25 26 27 27 
185 17
28 26 24 23 22 21 20 18 16 15 13 8 7 4 3 2 1 
3 6 6 6 7 8 9 9 10 16 19 19 21 24 25 26 27 
293 20
29 28 27 26 24 22 21 18 17 16 15 14 13 12 10 8 6 4 3 1 
1 9 13 13 14 15 15 16 17 20 20 20 21 22 26 26 27 27 27 29 
203 20
28 27 26 25 24 23 22 21 20 19 17 16 15 13 10 6 5 4 3 2 
1 1 2 3 4 6 7 9 10 10 13 16 16 21 23 24 28 29 30 30 
190 21
30 29 28 26 25 24 23 22 21 20 19 15 14 13 11 10 8 7 5 3 2 
2 4 4 6 6 11 13 14 20 20 22 23 24 24 24 25 26 26 27 27 30 
223 14
29 25 21 20 19 17 15 14 11 9 7 6 5 2 
4 5 5 10 15 16 17 19 19 24 24 29 30 30 
302 19
29 28 27 26 25 23 22 16 14 13 12 10 9 8 7 6 5 4 1 
4 5 5 10 10 14 19 19 20 20 21 22 23 24 24 25 25 29 30 
105 22
30 26 25 24 22 21 20 18 17 16 14 13 12 11 9 8 6 5 4 3 2 1 
9 11 12 13 14 15 18 18 19 19 19 19 21 22 25 26 27 28 28 29 30 30 
350 20
30 27 25 21 20 19 18 17 15 14 13 12 11 9 8 7 4 3 2 1 
2 4 9 9 10 13 16 17 17 18 19 19 26 26 27 27 27 28 29 30 
138 17
27 24 23 21 20 18 16 15 14 13 11 10 9 7 5 4 1 
3 5 7 10 11 14 14 15 16 18 18 20 21 22 29 29 29 
387 10
27 25 24 22 20 19 12 8 7 4 
1 3 3 5 7 16 17 22 22 28 
211 11
30 25 22 15 10 8 7 6 4 3 1 
5 6 9 11 11 14 18 18 21 26 27 
184 22
30 29 27 26 25 24 23 20 17 16 15 14 13 12 11 10 8 7 5 4 3 1 
2 5 6 6 7 11 13 17 18 20 20 20 21 22 22 22 22 23 27 28 29 30 
278 7
26 25 20 13 8 7 3 
3 3 5 17 20 24 30 
184 22
30 29 28 27 23 22 20 19 18 17 16 15 13 12 11 10 9 8 6 5 3 1 
1 1 4 8 8 11 14 15 16 18 19 19 20 21 21 22 22 22 24 27 27 30 
112 13
28 23 18 17 12 11 9 8 7 6 5 3 1 
2 3 5 10 12 17 19 19 20 21 22 25 29 
359 22
30 29 28 27 26 25 23 22 21 20 19 18 17 16 14 11 9 8 6 4 2 1 
1 2 2 3 4 4 5 5 5 7 9 11 12 12 14 14 22 24 25 26 27 27 
298 19
29 28 27 26 24 23 22 21 20 19 18 15 14 13 12 11 7 6 2 
1 4 6 8 9 9 10 16 18 20 21 23 23 23 24 24 24 25 30 
234 24
30 29 28 27 26 25 24 23 22 21 19 17 16 15 14 11 9 8 7 5 4 3 2 1 
1 2 2 2 3 4 7 8 9 13 13 13 14 14 16 17 18 19 20 22 24 27 28 29 
205 7
27 24 20 19 12 8 2 
4 7 7 14 15 30 30 
166 20
28 27 26 24 23 22 20 19 17 16 15 14 12 9 7 5 4 3 2 1 
6 9 9 9 11 11 12 14 15 17 17 18 18 19 20 20 24 28 30 30 
361 14
29 28 26 25 24 20 15 14 13 11 10 8 2 1 
1 2 3 3 5 10 11 11 20 22 22 22 26 29 
126 18
30 26 24 23 22 20 18 16 13 12 11 10 8 6 5 4 2 1 
2 3 8 10 10 11 15 15 15 17 20 20 20 21 22 23 28 30 
390 17
30 29 27 26 25 24 22 18 15 11 10 9 6 5 4 2 1 
1 3 3 3 3 5 6 11 13 15 18 18 19 19 22 26 30 
327 5
18 17 12 11 7 
1 4 16 21 30 
230 6
19 17 12 7 3 1 
7 12 16 18 19 28 
373 8
25 22 19 14 10 9 6 2 
2 10 12 13 22 25 27 30 
123 9
27 25 24 22 18 14 9 7 4 
7 11 16 17 17 22 22 27 30 
167 23
30 29 28 26 24 23 22 21 20 18 17 16 13 11 10 9 8 7 6 5 4 3 2 
1 2 6 6 6 6 7 7 11 12 13 14 16 17 18 18 18 20 20 20 25 28 29 
228 7
27 24 20 18 13 12 11 
4 4 8 15 22 23 28 
381 21
30 27 26 25 24 22 21 20 18 17 16 15 14 13 12 11 10 8 6 3 1 
1 2 4 7 7 8 9 9 10 12 15 15 19 21 21 23 24 26 28 28 29 
148 19
30 29 27 26 23 22 20 19 16 15 14 12 11 10 7 6 5 4 2 
1 1 7 9 11 11 12 13 17 19 20 22 23 24 25 25 28 29 30 
239 24
29 28 27 26 25 24 23 22 21 20 18 17 15 14 13 12 10 8 7 6 4 3 2 1 
2 3 5 5 6 8 9 10 11 12 16 17 17 17 19 20 20 21 21 23 26 27 28 30 
245 19
30 28 27 26 25 22 20 18 17 16 15 12 9 8 7 6 4 3 1 
1 3 5 5 6 8 9 10 11 15 17 17 17 20 23 25 26 26 27 
343 7
30 22 19 16 6 2 1 
1 1 3 3 12 14 28 
265 13
30 29 27 26 23 22 21 20 17 8 7 4 3 
1 2 12 15 16 17 19 19 21 24 24 26 29 
274 14
30 28 27 25 24 23 22 20 19 17 15 12 9 3 
7 7 10 10 11 11 13 16 19 19 20 21 25 29 
354 9
20 16 12 11 10 7 3 2 1 
3 12 15 16 19 22 25 30 30 
389 10
28 27 19 17 16 13 8 5 3 2 
1 4 4 4 10 14 15 16 17 20 
260 14
30 26 24 19 18 16 15 12 9 8 7 6 4 1 
2 3 7 8 10 13 13 13 18 22 24 24 27 29 
141 24
30 28 27 25 24 23 22 21 20 19 17 15 14 13 12 10 8 7 6 5 4 3 2 1 
1 1 1 2 5 5 7 7 7 10 16 18 18 19 21 24 25 28 28 29 29 29 30 30 
384 24
30 29 28 27 25 24 23 22 21 20 18 17 16 15 14 12 9 8 7 6 5 3 2 1 
1 2 3 3 5 5 6 6 8 10 10 12 15 18 19 20 21 23 24 25 25 28 29 29 
245 20
30 27 26 25 23 22 21 20 19 18 16 14 13 12 10 8 7 6 4 3 
4 6 7 8 10 11 14 15 16 18 19 21 22 23 23 23 24 24 27 30 
156 5
30 20 15 7 1 
2 2 3 5 17 
398 13
29 28 25 24 22 21 17 14 11 7 4 2 1 
3 3 7 7 14 16 16 22 24 26 28 29 30 
276 21
30 29 25 22 21 20 19 17 16 15 14 13 10 9 8 7 6 5 4 2 1 
2 6 8 11 11 11 12 13 14 17 17 18 19 21 25 25 26 26 26 27 28 
145 7
25 21 19 11 10 6 1 
2 5 8 16 18 21 26 
186 19
29 26 25 24 23 22 18 17 16 15 14 13 10 8 7 6 4 2 1 
1 2 5 7 11 11 14 14 15 21 22 26 27 28 29 30 30 30 30 
383 23
30 29 27 26 25 24 23 22 21 20 19 18 16 15 14 13 12 11 10 7 6 5 3 
1 2 2 3 3 3 5 7 9 13 13 13 14 15 17 18 18 20 20 24 26 27 29 
127 18
30 26 25 24 23 22 21 20 19 18 16 13 12 11 9 8 7 3 
1 2 4 5 6 11 14 14 14 16 18 19 19 21 26 28 28 30 
362 24
29 28 26 25 24 23 21 20 19 18 17 16 15 14 13 12 11 10 9 8 7 4 2 1 
1 1 1 3 8 8 9 9 11 13 14 15 15 16 17 17 18 20 23 25 27 27 27 29 
267 9
25 24 18 16 8 7 6 3 1 
9 10 11 14 17 22 23 28 28 
366 16
29 28 27 25 24 23 22 18 17 15 14 12 8 5 4 2 
1 2 3 6 7 8 8 10 16 17 17 17 18 19 24 25 
327 20
30 29 28 27 26 25 24 23 21 20 19 18 13 12 10 9 8 5 2 1 
1 4 7 7 8 9 12 13 14 14 16 16 17 21 22 23 23 25 25 28 
193 9
27 24 21 20 16 10 8 7 1 
7 11 13 16 19 22 23 23 26 
228 7
27 19 16 14 13 11 4 
5 10 12 26 27 29 30 
300 13
30 29 24 23 18 16 15 13 11 10 9 3 1 
1 4 6 6 7 10 14 16 18 22 27 30 30 
260 13
30 26 24 23 22 19 18 15 14 13 12 8 5 
3 8 10 14 14 16 18 19 20 22 27 29 30 
385 22
30 29 28 26 25 24 23 21 20 19 18 17 16 14 13 12 10 8 6 5 3 1 
1 3 4 6 10 10 10 12 16 16 17 18 19 20 23 25 25 26 28 28 29 30 
176 6
28 24 14 10 9 7 
4 10 15 22 24 29 
250 15
30 29 24 22 19 13 12 10 9 8 7 6 5 3 2 
2 4 7 9 9 13 13 14 18 19 22 27 27 30 30 
144 20
30 29 26 25 23 22 21 20 19 18 16 12 11 10 8 6 5 4 3 2 
2 6 7 7 8 13 17 17 18 20 20 21 26 27 28 28 28 29 30 30 
138 15
30 27 26 21 20 19 18 16 15 14 11 10 7 6 2 
1 2 3 5 6 10 11 11 12 13 18 23 23 28 29 
195 17
30 29 26 25 24 23 22 21 20 19 18 16 12 9 7 6 5 
3 4 4 5 6 7 9 9 11 12 12 15 16 21 22 27 28 
190 6
28 20 18 15 7 5 
1 2 4 16 23 30 
205 17
30 26 23 22 21 20 19 18 15 12 11 10 9 7 5 3 2 
1 2 2 7 8 8 9 12 15 15 16 20 21 25 26 28 29 
130 24
30 29 28 27 26 25 24 23 22 20 18 17 16 15 14 13 12 11 10 7 6 5 3 2 
1 2 3 4 4 5 7 9 13 14 14 15 19 20 23 25 26 27 27 28 29 29 29 30 
373 12
27 26 24 23 19 18 16 13 11 9 5 2 
3 5 6 6 11 12 20 21 22 23 25 27 
201 16
30 29 28 27 26 23 19 18 16 15 12 9 5 3 2 1 
1 1 3 11 18 19 20 20 21 21 23 23 23 26 29 29 
145 19
29 28 27 25 24 23 21 20 19 16 14 13 11 10 8 7 5 4 2 
4 4 6 8 8 9 10 15 16 19 20 20 24 25 26 26 27 29 30 
135 7
30 18 15 12 10 7 4 
5 6 11 24 28 28 28 
202 17
28 27 26 24 22 20 19 17 14 13 12 11 8 7 6 4 1 
2 2 11 11 12 12 14 15 15 16 17 18 19 20 20 21 28 
248 7
24 16 15 14 12 11 8 
10 14 15 17 21 23 26 
383 11
30 27 22 20 18 16 15 9 8 5 4 
1 7 7 8 17 17 17 22 23 24 24 
279 9
28 27 23 17 13 12 10 7 2 
7 9 12 18 22 26 28 28 30 
315 8
30 26 23 19 17 16 14 1 
1 2 6 13 18 19 28 29 
120 13
30 28 25 22 21 20 18 14 13 12 9 7 2 
2 5 5 10 10 11 12 15 15 16 19 23 26 
300 24
30 29 28 27 26 25 24 23 22 21 20 19 18 17 16 15 14 12 10 7 6 5 3 2 
1 5 5 6 6 7 8 8 12 13 15 16 18 19 20 22 22 25 25 25 26 26 27 30 
250 15
30 27 26 23 22 20 17 15 14 13 10 7 4 2 1 
5 6 9 13 14 14 15 18 22 23 24 26 28 28 29 
308 10
28 27 17 15 14 13 8 7 6 3 
2 2 9 19 19 20 26 27 27 28 
139 16
30 29 28 26 24 20 19 18 13 12 11 9 8 3 2 1 
1 2 4 8 9 15 21 22 22 24 25 25 26 27 30 30 
295 17
29 28 26 25 24 22 20 17 15 12 11 10 9 8 6 3 2 
7 8 8 9 15 15 17 17 19 19 20 21 22 25 27 28 28 
177 8
29 22 21 19 18 17 16 10 
2 8 15 19 26 28 29 30 
145 24
30 29 28 27 25 24 23 22 21 20 18 17 15 14 12 11 10 9 8 7 6 4 3 2 
3 3 4 7 7 8 9 10 14 15 16 17 18 20 21 21 22 23 23 24 28 30 30 30 
282 5
27 22 19 10 2 
11 12 15 24 27 
379 14
29 24 23 22 19 18 15 14 10 9 8 7 6 3 
3 4 4 6 9 11 14 15 16 19 22 24 25 28 
288 11
29 28 25 24 23 21 18 17 14 6 4 
4 5 5 6 9 12 13 14 23 26 30 
366 16
30 28 26 23 20 15 13 11 8 7 6 5 4 3 2 1 
2 5 6 9 9 11 12 14 16 17 17 21 24 25 30 30 
333 11
29 27 26 25 20 19 17 15 14 10 4 
2 2 7 17 19 19 21 22 22 23 30 
102 21
29 28 27 26 25 24 23 22 21 16 15 13 12 11 10 9 8 7 5 4 3 
1 1 5 5 6 6 6 8 9 10 10 17 17 18 18 19 20 22 24 28 29 
297 18
30 29 28 27 25 23 22 21 18 17 14 12 11 9 8 6 5 4 
1 2 3 4 6 9 13 14 15 17 21 22 23 23 24 26 28 29 
313 11
27 26 25 16 9 8 6 5 4 3 2 
3 3 6 15 18 22 22 22 23 25 28 
259 11
30 27 26 24 21 20 13 8 7 3 2 
1 3 4 7 9 10 11 15 19 25 27 
118 16
30 29 27 25 23 20 15 14 13 12 9 8 7 6 4 3 
2 2 3 3 6 6 7 7 12 12 14 18 24 26 29 30 
371 10
30 27 25 18 10 9 7 6 4 1 
8 9 10 15 18 18 22 22 23 26 
263 20
29 28 26 25 24 23 22 21 20 19 18 17 15 14 13 12 10 8 4 1 
2 2 2 5 8 8 10 11 11 11 16 18 19 19 20 22 24 27 29 30 
295 14
30 28 27 25 22 18 17 16 12 11 8 6 2 1 
1 8 12 15 17 18 21 22 24 24 25 25 27 30 
181 15
28 27 26 25 19 18 15 12 11 9 8 7 5 4 2 
5 9 9 12 13 13 15 18 18 23 24 24 25 28 29 
251 10
27 26 24 22 16 15 14 13 6 3 
3 4 5 7 9 9 13 18 23 26 
349 12
28 23 22 18 17 15 12 9 6 5 4 3 
4 5 7 7 10 12 12 19 20 27 27 28 
129 12
30 28 25 23 19 17 14 13 12 8 5 3 
5 6 7 13 14 17 24 26 27 27 27 27 
393 20
28 27 26 25 24 23 20 19 18 16 15 14 13 12 10 9 7 4 2 1 
1 1 3 4 6 11 11 11 11 12 19 20 21 23 26 28 28 28 28 29 
153 13
30 29 27 26 22 19 18 15 13 12 6 4 1 
1 2 4 6 6 6 9 10 12 14 16 18 28 
257 5
29 27 22 16 12 
5 6 7 20 23 
273 11
30 29 26 25 24 21 20 12 10 9 6 
6 7 8 10 15 18 20 23 23 27 30 
218 17
30 29 28 17 16 15 14 13 12 11 9 8 7 5 3 2 1 
5 6 7 11 12 13 15 15 16 16 16 17 20 21 24 24 30 
395 15
28 26 25 22 20 19 18 17 16 15 14 11 10 6 5 
1 5 7 10 11 13 14 18 18 19 21 22 24 26 29 
281 17
30 28 27 26 25 24 17 16 15 14 13 10 8 5 3 2 1 
1 8 10 12 13 15 16 17 18 20 20 22 22 26 28 29 30 
114 9
30 26 18 14 13 11 9 6 2 
2 4 10 19 21 23 24 25 29 
133 15
27 26 25 24 21 17 15 13 12 9 8 5 4 2 1 
4 6 8 9 9 12 17 20 20 21 21 22 23 25 28 
134 5
19 10 8 2 1 
1 5 10 19 27 
100 18
30 29 28 24 22 21 20 19 18 17 14 12 11 10 4 3 2 1 
3 4 4 5 7 8 9 14 14 15 17 17 18 22 24 25 26 30 
389 20
29 28 26 23 22 20 17 16 14 13 12 11 10 9 8 7 6 4 2 1 
1 2 4 7 8 8 11 12 13 14 14 16 24 24 25 28 28 29 30 30 
317 16
29 26 25 21 20 18 17 15 14 12 9 8 6 5 4 3 
2 2 3 6 6 9 10 12 18 19 22 24 25 27 29 30 
161 14
30 28 27 25 18 16 15 14 13 11 9 8 6 5 
6 8 8 8 12 13 21 21 22 24 25 26 28 29 
252 8
28 24 21 16 8 7 4 1 
5 7 13 14 14 16 20 25 
203 14
30 29 28 27 26 24 22 20 19 12 9 4 3 1 
6 7 12 12 14 15 15 18 18 21 22 25 27 30 
259 20
29 28 26 25 24 22 20 19 18 15 14 11 10 8 7 6 5 4 3 1 
2 3 6 8 8 12 12 12 17 18 18 22 23 25 26 28 28 28 29 30 
350 5
29 27 16 4 3 
15 17 24 29 30 
354 16
29 27 26 25 24 23 21 18 14 12 11 9 8 7 2 1 
6 7 8 14 16 18 22 22 23 24 25 27 28 28 28 28 
149 6
23 22 11 6 5 4 
5 14 15 21 26 29 
191 23
30 29 28 27 26 25 24 23 22 20 19 18 17 15 14 12 9 7 6 5 3 2 1 
1 1 2 2 4 4 4 5 6 7 8 8 9 13 14 15 16 18 18 19 25 25 27 
257 8
29 27 23 21 9 8 3 2 
1 6 8 12 12 21 21 23 
275 19
30 28 27 26 25 24 23 21 18 17 15 14 12 11 7 5 4 3 1 
2 3 4 4 5 7 14 15 15 16 18 19 20 21 24 26 26 29 30 
268 14
28 27 23 18 17 16 15 14 12 10 8 7 2 1 
1 3 4 9 10 10 12 13 22 23 25 26 27 29 
340 12
29 28 27 25 23 16 15 12 11 10 7 5 
2 5 6 7 7 8 16 17 20 24 27 30 
335 10
29 27 26 25 22 21 17 14 13 1 
1 4 6 10 10 12 13 16 19 24 
152 6
21 20 19 18 5 4 
7 8 21 23 26 27 
384 6
26 25 12 11 7 1 
2 7 18 26 30 30 
148 10
30 24 23 20 18 17 16 6 4 3 
2 4 6 12 16 17 23 29 30 30 
152 13
29 28 26 22 18 14 12 11 7 6 5 4 2 
6 9 10 13 14 17 18 19 19 21 23 26 27 
233 21
30 29 28 27 26 25 23 22 21 20 18 17 16 15 12 10 9 8 7 3 1 
1 1 2 4 4 5 6 7 8 8 9 9 16 19 19 23 23 24 24 28 29 
160 20
30 28 26 25 24 22 21 18 17 16 15 14 13 10 9 7 6 5 3 1 
7 7 11 15 16 16 17 19 20 21 21 22 22 23 25 27 27 29 29 30 
269 7
24 21 12 11 8 7 1 
3 15 16 17 20 21 30 
380 6
25 24 21 11 5 3 
8 8 14 14 16 26 
151 10
26 23 17 16 14 12 9 4 3 1 
1 6 7 7 9 11 20 27 30 30 
350 10
30 29 27 26 25 24 22 21 16 5 
5 8 15 15 18 20 26 26 26 29 
121 23
30 28 27 25 24 23 22 21 20 18 17 16 14 12 11 8 7 6 5 4 3 2 1 
6 7 7 8 8 8 12 12 13 13 16 16 16 17 19 20 21 21 23 26 26 28 28 
125 13
27 26 24 19 18 17 15 11 9 8 7 6 2 
1 4 4 8 10 10 14 15 17 18 19 20 20 
213 19
27 26 25 24 23 21 19 18 17 16 15 14 13 12 10 7 4 3 1 
2 2 3 5 5 5 6 10 15 15 16 18 22 24 24 26 27 27 30 
175 21
30 28 26 24 22 21 19 17 16 15 13 11 10 9 8 7 6 5 4 3 2 
2 2 3 4 5 9 11 11 12 12 14 19 19 21 23 24 24 25 29 29 29 
327 14
30 28 24 23 18 17 15 13 11 10 9 8 6 5 
3 3 5 7 7 8 10 10 13 13 21 25 29 29 
153 8
25 24 16 15 14 9 6 4 
7 13 13 17 19 20 22 22 
243 24
30 29 28 27 26 25 24 23 22 21 18 16 14 13 12 11 10 9 6 5 4 3 2 1 
1 2 2 3 4 5 6 6 6 9 9 10 12 13 13 14 15 15 16 18 19 20 21 29 
136 22
29 27 26 25 24 23 22 21 20 19 17 16 15 14 12 11 9 8 7 3 2 1 
2 2 2 4 5 8 9 12 13 14 17 17 19 21 24 27 27 28 28 28 29 30 
268 11
26 25 22 18 17 14 13 9 7 4 3 
2 11 13 13 14 15 17 17 20 27 30 
270 24
29 28 27 26 25 24 23 21 20 19 18 17 15 14 13 12 11 10 8 7 6 5 3 1 
3 4 5 9 10 13 18 20 20 22 22 24 25 25 25 26 26 26 27 27 28 28 29 30 
392 16
29 26 25 24 23 22 21 19 18 9 8 5 4 3 2 1 
3 5 5 6 12 13 14 18 19 21 22 23 25 26 26 30 
259 24
30 29 27 26 24 23 22 21 20 19 18 16 15 14 13 12 11 10 7 6 5 3 2 1 
1 2 2 3 3 3 4 7 8 11 15 18 18 19 19 21 22 24 24 27 27 28 29 30 
149 10
30 27 23 16 13 12 8 6 5 4 
1 2 9 9 12 19 27 27 29 29 
388 20
29 28 27 23 22 21 19 18 16 14 13 12 11 10 9 7 5 4 3 1 
2 3 3 7 7 10 13 14 15 16 17 21 21 22 25 26 28 29 29 30 
314 15
30 29 26 23 22 18 16 15 13 8 7 5 3 2 1 
4 5 7 9 11 12 13 19 20 21 22 23 24 25 30 
272 19
30 27 25 24 23 22 20 19 18 17 15 13 10 9 8 7 5 2 1 
6 9 14 18 18 19 20 20 22 22 24 25 26 26 26 27 27 29 29 
344 19
30 27 26 24 23 21 20 19 15 14 10 9 8 6 5 4 3 2 1 
1 2 3 7 8 9 9 16 19 19 20 24 25 27 27 28 28 29 30 
298 9
26 25 22 21 16 14 13 9 7 
1 3 8 18 21 25 26 29 29 
375 6
29 23 19 14 9 4 
2 2 9 17 26 27 
229 13
28 24 21 19 16 15 11 10 9 5 4 2 1 
1 3 3 6 6 15 15 16 19 20 20 21 24 
369 21
28 26 25 22 21 20 19 18 17 16 15 14 13 12 11 9 6 4 3 2 1 
2 3 5 9 10 14 15 16 16 18 18 18 20 22 23 23 25 26 28 28 28 
274 18
28 27 25 22 21 19 18 17 15 14 13 10 9 8 6 3 2 1 
1 3 4 4 4 6 6 7 8 8 14 15 17 19 23 25 27 29 
153 16
30 29 27 25 24 22 20 19 18 16 15 14 11 6 4 2 
4 4 5 6 7 7 8 8 8 13 18 22 23 23 26 29 
170 19
29 28 27 26 24 21 20 14 13 12 11 10 9 8 6 4 3 2 1 
1 3 5 12 12 15 15 15 17 18 20 23 25 25 26 27 29 29 30 
315 14
26 25 23 17 15 11 10 9 8 5 4 3 2 1 
3 6 9 10 10 11 16 20 23 26 28 28 28 30 
222 20
30 29 28 26 25 24 23 21 20 19 17 13 12 9 8 7 6 5 3 1 
2 4 4 6 6 8 8 11 11 14 16 18 22 23 23 23 25 25 26 29 
249 19
30 29 28 27 25 23 22 21 18 17 15 12 11 9 8 7 5 4 1 
1 2 2 3 3 3 7 8 9 9 16 17 18 18 23 26 28 28 30 
319 21
30 29 28 27 26 25 22 21 20 19 17 16 15 10 8 7 5 4 3 2 1 
1 4 9 11 11 11 11 15 15 16 18 21 21 21 23 24 26 27 28 28 30 
353 5
26 17 14 12 5 
4 4 8 14 29 
313 22
30 29 28 27 26 25 24 21 20 19 16 15 13 11 10 8 7 6 4 3 2 1 
1 5 6 6 7 11 15 16 17 17 19 20 21 21 23 24 26 26 28 28 28 29 
189 23
30 29 28 24 23 22 21 20 18 17 16 15 14 13 12 11 9 8 7 5 4 2 1 
1 2 4 4 7 8 12 14 16 16 17 17 19 21 21 23 23 26 27 29 30 30 30 
325 10
30 29 26 21 17 15 14 10 8 1 
1 3 11 19 22 23 24 27 29 30 
216 5
27 24 18 6 4 
11 18 18 20 20 
322 9
28 27 25 18 15 10 7 4 2 
4 7 7 8 10 12 22 25 30 
173 17
30 28 27 26 23 21 20 19 18 16 14 10 9 7 6 4 3 
2 3 3 6 7 11 19 21 21 21 21 24 24 26 26 28 30 
102 9
28 25 23 13 12 10 9 7 2 
2 5 10 14 15 19 20 23 23 
233 11
29 26 20 14 11 10 9 8 3 2 1 
7 7 11 15 19 21 22 26 29 29 30 
308 23
30 29 27 25 24 23 22 21 20 19 18 17 16 14 11 10 9 8 7 6 4 3 1 
3 6 11 12 12 13 14 14 14 14 15 19 21 22 22 23 24 24 25 26 27 28 29 
385 13
30 28 24 23 22 21 18 12 10 9 4 3 2 
1 3 5 5 7 11 11 12 20 20 21 25 26 
130 18
28 27 25 24 23 22 19 18 16 15 10 9 8 6 5 4 3 1 
2 3 6 6 8 8 10 11 16 17 19 20 21 21 26 26 28 30 
179 19
30 29 27 26 25 23 22 17 16 15 11 9 8 7 6 5 4 2 1 
1 2 6 7 8 9 9 11 12 12 14 16 19 21 21 21 23 24 29 
269 14
26 25 24 22 19 18 17 16 11 9 7 6 5 3 
1 3 4 6 6 6 9 11 11 17 19 24 26 26 
328 5
28 21 11 9 5 
3 5 7 15 19 
103 15
29 22 21 20 17 16 13 12 11 10 6 5 4 3 1 
1 2 2 3 6 6 6 11 12 13 13 13 16 16 25 
150 13
29 27 26 24 20 19 17 15 14 13 11 10 1 
1 2 5 8 10 13 16 17 19 20 26 26 26 
170 11
29 28 27 24 20 19 16 15 12 9 1 
5 6 7 10 14 22 24 25 25 26 30 
307 18
29 28 27 26 22 21 19 18 17 15 14 13 12 7 4 3 2 1 
2 4 6 6 6 8 12 13 14 14 17 17 20 23 24 26 26 30 
193 8
26 24 23 22 17 15 14 8 
3 6 10 12 17 21 23 26 
342 15
30 29 28 26 25 22 18 17 13 12 6 5 3 2 1 
3 6 6 7 11 14 14 15 16 16 20 21 23 25 29 
131 22
30 29 28 26 25 24 21 20 19 18 16 13 12 11 10 9 8 7 6 5 2 1 
1 4 5 6 9 9 10 10 12 13 15 16 17 18 18 20 21 23 23 25 29 30 
227 12
29 27 18 17 16 15 13 12 9 6 5 3 
4 7 8 10 14 15 15 15 18 19 23 30 
206 11
26 25 21 18 16 12 11 10 7 4 2 
1 6 7 7 13 13 14 20 21 26 27 
237 23
30 29 27 26 25 24 23 21 20 19 18 16 15 13 11 9 8 7 6 4 3 2 1 
2 2 3 4 4 4 6 6 7 8 8 9 9 12 16 21 25 26 26 27 28 29 30 
264 15
30 29 26 25 24 22 19 18 14 10 9 8 7 6 2 
2 7 7 7 8 8 11 12 14 15 18 20 21 22 26 
307 5
20 19 17 15 6 
3 13 14 23 27 
269 22
30 29 28 27 25 24 23 21 20 19 18 16 14 11 9 8 7 6 5 4 2 1 
2 4 5 6 7 8 9 10 10 12 12 14 15 16 17 17 18 18 21 28 29 30 
294 6
18 14 10 8 7 3 
9 14 21 25 25 28 
116 23
30 29 27 26 25 24 22 21 20 19 16 15 13 12 11 10 8 6 5 4 3 2 1 
1 1 5 7 7 7 12 13 14 14 14 15 15 16 17 19 20 21 22 26 28 29 30 
193 16
28 27 21 19 18 15 14 13 12 11 10 8 7 5 3 1 
3 3 6 6 7 8 10 11 13 14 19 21 22 23 24 30 
206 21
30 29 28 27 26 23 21 20 19 18 16 15 13 12 11 9 8 4 3 2 1 
1 5 7 11 12 13 14 15 15 17 18 18 19 21 21 23 25 26 28 28 29 
174 19
29 28 27 26 23 22 21 19 18 17 16 15 14 13 11 10 5 4 1 
1 3 6 7 11 12 14 18 18 19 20 20 21 22 23 23 24 29 29 
201 15
30 29 26 24 22 21 20 18 17 13 11 9 8 6 1 
1 6 6 6 10 13 14 16 18 18 18 19 20 23 23 
323 11
30 25 23 21 15 13 12 11 10 9 8 
1 3 3 4 7 9 11 13 15 15 28 
223 24
30 28 26 25 24 23 22 21 19 18 17 16 15 13 11 10 9 8 7 6 5 4 3 1 
1 1 3 5 5 6 9 10 13 13 14 14 14 15 19 21 22 25 25 25 27 27 28 29 
311 17
30 29 28 25 24 18 15 13 12 11 9 8 7 6 4 2 1 
4 7 10 11 12 13 13 18 21 22 23 24 25 26 27 30 30 
161 21
30 27 26 25 24 23 22 21 19 17 16 14 13 12 9 8 6 5 4 3 2 
1 2 3 7 8 9 11 12 17 18 19 20 21 22 23 26 28 28 29 30 30 
306 10
27 24 23 22 19 18 12 8 6 2 
1 3 7 14 18 18 19 20 25 26 
291 16
30 29 28 27 25 21 20 17 16 12 11 9 7 5 4 2 
4 6 7 9 11 15 16 16 16 17 20 21 21 22 22 27 
109 22
30 29 27 26 25 24 22 18 17 16 14 13 12 11 10 9 8 7 6 5 4 2 
2 2 3 3 7 8 8 8 10 10 13 13 14 14 18 19 19 22 25 28 29 30 
115 12
27 23 21 20 18 15 13 9 8 6 3 2 
4 7 9 9 11 13 14 17 18 21 26 28 
304 18
30 29 28 26 24 23 22 21 20 18 15 14 12 10 8 4 3 1 
1 1 1 2 3 7 11 11 11 11 14 14 15 17 20 21 21 24 
318 15
30 28 27 26 25 22 19 18 14 13 12 9 6 5 4 
3 5 9 10 11 14 16 17 18 23 23 26 26 27 30 
229 20
29 28 27 26 24 23 20 18 17 14 13 12 10 9 8 7 5 4 3 1 
3 3 4 6 6 9 12 12 14 15 16 16 16 17 19 23 23 23 24 28 
101 5
29 19 17 12 1 
7 9 18 21 27 
114 20
30 27 26 24 23 20 19 17 16 15 14 13 12 11 10 9 7 6 5 2 
1 1 3 7 10 11 14 16 17 17 20 20 21 22 26 27 29 29 29 30 
310 13
25 24 19 18 15 14 13 12 10 7 5 3 2 
4 4 6 10 16 16 17 17 18 20 22 23 27 
136 9
29 25 21 18 15 14 13 3 1 
2 2 4 7 9 13 15 24 25 
113 21
30 29 26 25 24 23 22 21 20 19 18 16 15 13 12 8 7 6 5 3 1 
1 2 3 5 5 6 6 8 10 11 11 14 16 19 20 21 24 26 27 28 30 
153 7
25 23 21 10 9 4 3 
10 10 19 22 25 27 29 
319 18
30 29 28 26 25 24 22 21 19 17 14 13 10 6 5 4 2 1 
1 3 4 4 5 6 6 7 7 7 15 20 23 23 26 29 29 30 
194 21
30 29 27 26 25 24 23 21 20 18 17 16 13 11 10 9 8 6 5 4 3 
3 3 6 6 8 11 12 12 13 18 20 21 23 24 25 26 27 28 28 28 29 
378 12
30 28 27 23 18 15 14 10 8 6 3 1 
3 3 4 10 12 16 18 20 24 25 27 30 
262 22
30 29 27 26 25 23 21 19 18 17 16 14 13 12 11 10 9 8 7 5 3 2 
3 5 7 8 13 13 16 17 17 18 19 19 19 21 21 22 22 25 26 26 28 30 
349 17
29 26 25 23 22 20 19 16 14 13 11 9 7 6 4 3 2 
1 1 4 6 8 8 16 17 17 19 19 23 23 26 27 28 30 
294 11
30 24 23 18 17 16 13 8 5 2 1 
3 8 8 8 9 10 17 20 21 25 30 
214 9
25 24 18 15 13 6 5 4 1 
1 2 4 6 11 18 22 22 26 
141 14
28 27 24 20 19 16 15 14 12 11 10 4 3 1 
2 5 5 7 7 7 15 15 16 17 22 23 27 27 
390 16
30 29 28 27 26 24 22 21 19 18 11 8 4 3 2 1 
2 7 8 15 15 20 21 21 22 23 23 25 26 29 30 30 
162 5
28 22 18 17 7 
7 9 13 28 28 
284 11
30 28 27 22 21 17 12 8 7 3 2 
1 3 3 5 7 10 10 11 23 27 30 
388 14
26 24 22 21 20 15 14 13 12 11 9 8 7 3 
6 6 8 8 9 12 12 14 20 21 21 22 22 23 
110 5
29 11 6 3 1 
3 15 20 22 25 
293 16
28 27 26 23 22 19 18 17 16 14 12 11 9 8 7 5 
2 4 4 4 7 7 10 11 13 17 17 18 23 25 25 28 
136 7
23 16 14 12 8 6 1 
1 6 11 18 21 22 22 
336 23
30 29 28 26 25 24 23 22 21 19 18 16 15 14 12 11 10 9 8 6 5 2 1 
2 2 3 3 5 5 6 6 9 9 10 11 12 14 18 21 23 24 25 27 29 29 30 
356 15
30 29 28 22 21 17 16 14 12 11 10 9 8 7 3 
1 1 4 6 7 8 9 10 12 13 19 21 23 25 26 
365 21
29 28 27 26 24 23 22 21 19 18 17 16 15 14 13 11 10 8 5 4 1 
1 2 3 4 6 6 11 13 13 15 16 17 18 22 23 25 26 28 28 29 30 
170 8
26 22 16 15 14 8 3 2 
7 9 9 10 18 25 26 28 
183 16
30 29 28 26 24 23 19 15 13 12 9 6 5 4 3 1 
4 7 11 12 15 17 17 18 20 22 23 24 26 27 28 29 
379 19
28 26 25 23 20 19 17 16 15 14 13 12 10 8 7 6 5 3 2 
2 3 4 6 7 13 13 14 16 17 22 22 24 27 28 29 29 30 30 
227 9
30 29 27 25 22 20 19 17 4 
4 5 5 6 6 10 18 25 26 
157 19
30 29 28 27 24 22 21 20 18 15 13 12 11 10 9 7 6 3 1 
1 2 2 5 6 6 11 14 15 18 22 22 24 24 26 26 28 29 30 
147 12
29 27 26 22 20 17 16 12 10 8 7 1 
3 11 14 17 18 18 18 19 21 25 26 27 
141 11
27 19 16 15 14 12 11 8 6 5 4 
3 4 8 10 10 14 14 16 17 19 29 
187 12
30 29 28 26 12 11 10 9 8 5 4 1 
4 15 18 22 25 26 26 27 27 27 27 29 
179 20
30 29 28 26 24 23 22 21 18 16 15 13 12 11 10 8 6 4 3 1 
2 6 11 12 12 12 13 13 14 16 16 17 17 18 21 21 22 24 27 28 
278 12
30 28 27 21 20 19 16 13 8 4 2 1 
3 8 13 16 16 16 21 22 24 25 28 29 
263 5
28 18 13 5 3 
3 9 10 15 16 
236 7
30 21 16 11 8 6 4 
10 15 16 20 20 23 26 
225 21
30 29 28 26 25 24 22 21 20 19 18 16 14 13 12 9 8 5 4 3 2 
4 7 7 9 9 10 11 12 12 14 16 16 19 20 20 22 24 25 25 29 30 
393 16
30 29 27 23 22 21 20 19 14 13 12 8 7 6 2 1 
2 5 6 7 8 9 9 10 11 15 17 23 23 25 29 30 
350 20
28 27 25 24 21 20 19 18 17 15 13 12 11 9 8 7 6 5 3 2 
2 2 3 4 5 6 8 16 20 22 25 25 25 25 26 26 26 27 29 30 
155 18
30 29 28 27 26 25 24 23 21 19 18 16 14 12 11 8 7 5 
1 1 3 5 6 9 11 13 14 15 15 18 19 19 21 23 24 25 
350 11
30 27 21 20 18 17 16 10 7 4 2 
1 4 12 13 14 17 18 20 23 30 30 
187 24
30 28 27 26 25 24 22 21 20 19 18 17 16 15 14 13 10 8 7 6 4 3 2 1 
4 6 6 7 8 8 9 11 12 13 14 14 16 16 16 17 19 19 22 26 27 27 28 30 
212 23
30 29 28 27 26 24 23 22 21 20 19 17 16 15 14 10 9 8 7 6 3 2 1 
3 4 4 4 4 6 8 11 11 12 12 12 13 14 15 18 19 21 23 24 27 27 28 
268 12
30 28 19 16 15 14 13 8 7 3 2 1 
4 5 5 8 8 9 10 12 18 21 24 26 
146 14
28 27 22 21 17 14 13 12 10 8 7 6 5 4 
9 10 11 12 13 13 15 15 16 19 21 23 25 30 
192 5
27 24 21 13 11 
2 7 14 20 24 
314 12
29 28 27 26 23 20 14 11 9 8 7 4 
1 2 4 4 4 7 7 12 14 17 18 27 
247 6
30 21 19 18 9 3 
11 14 19 23 25 29 
124 12
30 27 26 25 21 19 17 15 7 6 5 3 
1 4 7 11 12 15 18 19 20 20 21 29 
261 14
30 28 26 24 23 21 19 17 16 13 12 10 5 2 
2 4 5 5 9 11 12 16 19 19 20 26 28 30 
