400
321 12
20 17 16 15 13 12 11 9 8 7 4 3 
2 10 10 14 14 14 15 16 16 17 19 20 
301 7
19 18 15 12 8 7 6 
8 9 10 11 14 14 19 
151 17
20 18 17 15 14 13 12 11 9 8 7 6 5 4 3 2 1 
1 2 3 3 5 5 5 6 8 9 9 11 12 13 15 16 17 
399 16
20 19 18 17 16 15 14 12 11 9 7 6 5 3 2 1 
1 1 3 3 3 9 9 10 10 10 11 13 14 15 16 18 
132 13
19 18 16 15 14 13 12 10 8 6 4 3 1 
1 4 10 11 11 12 13 14 15 17 18 19 19 
451 5
20 18 17 15 7 
6 7 14 18 18 
101 8
20 17 16 14 12 11 6 5 
1 2 2 5 7 13 13 17 
442 19
20 19 18 16 15 14 13 12 11 10 9 8 7 6 5 4 3 2 1 
1 1 1 2 2 3 4 8 8 9 10 11 11 12 13 15 16 17 18 
355 16
20 19 18 15 14 13 12 10 9 8 6 5 4 3 2 1 
1 1 6 6 7 11 11 12 13 14 17 17 18 19 19 20 
433 9
20 19 17 15 11 9 7 3 1 
2 3 4 4 8 16 16 17 20 
408 14
20 19 18 17 15 13 12 11 10 8 7 6 4 2 
2 5 6 9 9 10 14 17 19 19 20 20 20 20 
297 13
19 17 15 14 13 11 9 8 7 6 5 3 1 
1 1 1 2 3 3 3 10 12 16 16 17 19 
150 8
19 17 12 10 9 4 2 1 
2 4 7 13 13 15 19 20 
383 15
20 19 18 17 15 14 13 12 11 10 9 7 4 2 1 
1 1 2 4 7 8 8 8 8 13 16 16 17 18 20 
106 9
19 17 16 15 14 7 4 3 1 
5 6 6 6 14 15 15 17 19 
202 14
20 18 17 16 15 12 11 10 9 8 7 6 5 3 
2 2 4 6 6 7 8 8 14 14 15 18 18 19 
268 11
20 17 16 14 13 9 8 7 6 4 2 
2 5 5 8 9 12 13 16 17 18 19 
346 17
20 19 18 17 16 14 13 11 10 9 8 6 5 4 3 2 1 
1 2 3 3 3 4 4 7 9 12 15 16 16 17 17 18 18 
203 5
17 15 14 13 5 
1 1 5 12 19 
257 13
20 18 17 15 14 13 9 8 6 5 4 3 2 
3 3 3 7 7 8 8 11 14 15 15 17 18 
364 5
18 17 11 9 7 
2 5 15 16 20 
458 10
19 18 16 15 10 8 6 5 3 1 
3 3 3 6 9 10 12 13 18 19 
486 16
20 19 18 17 15 14 12 11 9 8 7 6 5 3 2 1 
3 4 4 5 7 7 8 10 11 13 13 14 15 16 17 17 
198 19
20 19 18 17 16 15 14 13 12 11 10 9 8 7 5 4 3 2 1 
2 2 2 4 5 7 7 8 8 10 10 13 13 13 16 16 19 19 20 
449 14
20 19 18 15 13 11 10 9 8 7 6 5 3 2 
1 2 4 5 6 8 10 12 13 14 17 18 18 19 
187 18
20 19 18 17 16 15 14 13 12 11 10 9 8 7 6 5 4 1 
1 8 9 10 12 12 12 14 14 16 18 18 19 19 20 20 20 20 
416 15
20 19 18 17 16 15 14 12 10 9 8 5 4 3 2 
1 1 1 2 2 3 4 5 7 9 9 10 10 17 19 
410 5
18 15 12 10 9 
5 8 9 16 18 
273 18
20 19 18 17 16 14 13 12 11 10 9 8 7 6 5 4 3 1 
1 2 4 4 6 6 7 9 9 10 13 13 16 17 18 18 18 20 
429 9
20 19 17 16 15 9 7 5 1 
1 6 8 11 14 15 15 16 16 
210 17
20 19 18 17 15 14 13 11 9 8 7 6 5 4 3 2 1 
2 2 2 3 6 7 8 8 8 9 12 12 13 15 16 18 19 
226 9
17 16 11 10 9 7 6 5 2 
4 5 6 8 10 11 14 15 16 
138 13
20 19 18 17 16 14 13 12 10 9 8 3 2 
1 7 8 8 9 10 11 11 14 15 17 19 20 
372 18
20 19 18 17 16 15 14 13 12 11 10 9 8 7 6 5 4 3 
1 2 2 2 2 5 7 7 10 10 15 17 17 17 18 19 19 20 
152 17
19 18 17 16 15 14 12 11 10 8 7 6 5 4 3 2 1 
2 3 3 4 9 9 9 11 12 13 16 17 17 17 20 20 20 
137 12
20 19 18 16 13 12 10 8 7 6 5 3 
1 2 5 6 9 11 11 13 14 16 16 18 
189 6
20 19 16 14 9 5 
1 6 9 18 19 20 
459 18
19 18 17 16 15 14 13 12 11 10 9 8 7 6 5 3 2 1 
1 2 2 4 8 10 11 12 14 15 15 16 17 17 17 19 20 20 
201 10
17 16 13 10 9 8 7 6 4 3 
2 2 3 6 9 10 11 12 12 20 
482 5
20 18 16 7 1 
2 10 11 14 14 
107 16
20 19 18 17 16 15 14 13 12 11 8 7 4 3 2 1 
3 4 4 6 6 7 7 8 13 14 15 16 17 18 18 19 
307 17
20 19 18 17 15 14 13 12 9 8 7 6 5 4 3 2 1 
1 4 4 5 6 6 6 8 8 11 12 14 16 17 18 18 20 
435 14
20 18 16 15 14 13 12 9 8 6 5 4 3 1 
1 2 3 6 7 8 8 9 10 11 11 12 16 19 
127 11
20 19 18 15 13 10 9 8 6 5 3 
2 4 5 6 7 9 10 13 14 18 18 
134 18
20 19 18 17 16 15 13 12 11 10 9 8 7 6 5 4 2 1 
2 2 3 4 5 7 7 9 9 10 10 11 11 12 14 16 16 20 
148 5
18 12 11 6 1 
2 3 5 18 20 
151 7
19 17 15 14 10 8 4 
9 11 11 12 17 20 20 
488 7
20 17 10 5 4 2 1 
8 10 14 16 17 20 20 
390 17
20 19 17 16 15 14 13 12 11 10 8 6 5 4 3 2 1 
2 2 2 3 4 4 7 8 9 9 17 17 18 19 19 19 20 
277 10
19 16 15 13 12 10 8 7 5 3 
2 4 5 8 9 9 14 16 17 19 
157 10
20 17 16 15 14 13 11 8 4 2 
1 3 6 7 8 11 11 14 16 17 
233 13
20 18 17 14 13 12 11 9 8 7 5 2 1 
3 3 6 8 10 10 12 14 15 18 19 19 20 
457 5
17 13 6 4 2 
9 9 13 17 19 
312 11
19 15 14 12 9 7 6 5 4 3 1 
1 1 3 12 12 13 14 16 19 19 20 
138 13
20 19 18 17 16 15 14 11 10 8 7 2 1 
1 3 4 9 9 12 12 13 14 14 16 17 20 
312 15
20 19 18 17 15 14 12 10 8 6 5 4 3 2 1 
1 1 4 4 5 5 8 8 12 12 13 14 15 16 19 
412 7
20 13 12 9 7 6 2 
3 6 6 9 12 16 17 
374 15
20 18 17 15 13 12 11 10 8 7 6 5 4 3 1 
1 1 4 5 5 5 7 7 7 8 9 11 12 15 20 
134 17
19 17 16 15 14 13 12 11 10 8 7 6 5 4 3 2 1 
1 1 4 6 7 10 12 13 13 13 16 16 17 19 19 20 20 
448 7
17 15 14 11 10 7 2 
8 10 10 13 19 20 20 
111 9
16 12 11 9 6 5 4 2 1 
2 4 4 10 12 12 14 17 18 
484 14
20 19 18 17 14 13 10 9 8 5 4 3 2 1 
6 6 7 7 8 9 11 11 15 16 16 16 17 20 
494 19
20 19 18 17 16 15 14 13 12 11 10 9 8 6 5 4 3 2 1 
2 5 6 6 6 7 8 10 10 10 13 13 13 15 15 18 19 20 20 
242 8
20 19 12 7 5 3 2 1 
7 12 12 14 16 16 18 18 
252 5
12 11 9 5 3 
2 13 13 16 16 
301 9
18 17 15 10 9 8 5 4 1 
4 4 8 13 13 14 17 17 19 
490 15
20 19 18 17 16 15 14 13 12 11 9 7 6 5 1 
1 1 3 3 4 5 12 12 12 13 16 16 17 17 19 
208 17
20 19 18 17 16 15 14 12 11 10 9 8 7 6 5 4 1 
1 2 4 5 5 7 9 10 11 11 15 16 16 17 17 19 20 
260 16
20 19 18 17 16 12 11 10 9 7 6 5 4 3 2 1 
2 2 3 4 8 10 10 10 11 12 12 13 14 14 15 17 
426 13
20 17 16 15 12 10 9 7 5 4 3 2 1 
1 6 7 8 8 10 13 15 17 18 18 19 20 
297 9
19 18 17 16 12 11 10 8 1 
4 4 7 8 9 10 10 14 19 
205 13
19 18 16 15 14 13 12 11 9 8 4 2 1 
5 5 6 8 8 9 9 12 15 17 18 18 19 
385 16
19 18 17 16 15 13 12 11 10 9 8 7 6 5 4 3 
5 7 7 7 8 10 10 10 11 11 13 13 17 18 20 20 
170 19
20 19 18 17 16 15 14 13 12 11 10 9 8 7 5 4 3 2 1 
1 2 2 3 4 5 5 5 6 8 9 11 13 13 13 17 17 17 19 
374 18
20 19 18 17 16 15 14 13 12 11 10 8 7 6 5 4 2 1 
3 3 4 4 5 5 9 10 11 11 12 15 15 16 18 19 19 20 
341 16
20 18 17 16 15 14 11 10 9 8 7 6 5 4 2 1 
1 1 2 3 3 4 7 11 13 13 13 13 14 19 19 20 
462 13
17 15 14 13 12 11 9 8 6 4 3 2 1 
1 1 3 5 5 10 11 12 13 15 15 20 20 
230 10
18 17 16 13 10 9 7 5 4 3 
2 4 5 8 11 14 15 15 17 18 
430 7
19 16 12 9 5 4 2 
1 2 3 3 7 15 17 
456 5
20 13 11 6 5 
2 7 8 9 18 
365 6
15 10 9 8 6 1 
10 14 14 18 19 20 
361 13
20 17 16 15 14 12 10 9 8 7 6 5 2 
1 1 2 4 5 5 7 8 11 12 16 17 18 
440 16
20 19 18 17 16 13 12 11 10 8 7 6 5 4 3 1 
2 5 6 8 10 10 10 11 12 14 15 16 16 18 19 19 
146 5
20 18 14 8 6 
3 15 15 15 18 
141 14
20 19 18 16 15 14 13 11 10 8 7 6 4 3 
2 2 4 4 8 10 12 12 15 15 17 18 18 19 
224 6
20 17 8 6 4 1 
7 7 10 10 12 13 
436 10
19 18 16 12 10 7 6 5 3 2 
2 3 9 10 12 14 14 15 15 19 
403 15
20 18 16 15 14 13 12 11 10 9 8 6 5 3 1 
2 5 5 6 7 9 11 11 11 11 18 18 18 20 20 
161 19
20 19 18 17 16 15 14 13 11 10 9 8 7 6 5 4 3 2 1 
1 1 6 7 9 10 10 11 12 13 15 16 16 17 17 18 18 19 20 
188 5
17 15 14 12 1 
2 9 13 19 19 
436 9
17 16 13 12 10 7 5 3 2 
4 4 5 6 6 7 11 14 20 
228 8
18 17 15 14 12 10 3 1 
1 4 5 11 16 16 18 20 
453 11
19 17 16 15 10 9 8 6 5 2 1 
1 2 5 5 8 8 10 14 15 16 16 
130 16
20 19 18 17 16 15 14 12 10 9 8 7 4 3 2 1 
2 4 5 6 6 7 10 14 15 15 16 16 17 17 18 19 
301 5
20 18 9 7 1 
1 3 15 17 19 
405 15
20 19 18 17 14 13 11 10 8 7 6 5 4 2 1 
2 4 5 7 7 8 9 10 12 14 14 16 17 17 18 
158 11
19 16 14 13 12 10 8 7 4 3 2 
3 4 5 6 7 10 10 13 15 17 17 
476 15
20 19 18 15 14 13 12 11 10 9 7 6 3 2 1 
1 4 5 6 7 9 10 10 10 13 14 18 18 19 19 
495 7
16 13 9 7 6 5 2 
5 6 10 10 10 12 13 
276 9
18 16 12 7 6 5 4 3 1 
1 3 5 6 9 9 10 12 16 
362 16
19 18 17 16 15 14 13 12 11 9 8 7 5 4 3 1 
3 4 5 6 7 10 10 12 12 14 16 17 19 19 20 20 
357 14
20 19 18 14 13 10 9 8 7 6 5 4 3 2 
2 4 6 7 7 8 8 9 9 10 11 14 18 18 
337 13
20 19 17 16 15 14 13 10 9 6 5 4 3 
2 2 3 4 6 7 8 8 8 13 16 18 19 
256 12
20 18 17 16 15 11 10 9 7 4 3 2 
2 3 7 8 8 10 12 12 15 15 15 18 
352 6
13 12 8 7 4 2 
1 3 4 6 13 20 
210 13
20 19 18 17 15 14 13 9 7 6 5 3 2 
2 2 3 5 9 9 10 12 16 16 16 17 19 
478 7
19 15 13 9 3 2 1 
1 2 7 9 16 16 20 
144 10
15 14 12 10 7 6 4 3 2 1 
4 5 9 11 12 12 14 14 18 18 
231 7
19 15 14 12 7 4 1 
4 5 8 9 13 18 18 
356 15
20 19 18 17 15 14 13 12 11 10 9 8 7 4 1 
1 2 3 6 9 10 13 14 14 15 15 15 16 16 17 
130 18
20 19 18 17 16 15 14 13 12 11 9 8 7 6 5 4 2 1 
1 1 2 4 4 7 10 12 13 13 13 13 14 15 15 16 17 20 
409 16
20 18 17 16 15 14 11 9 8 7 6 5 4 3 2 1 
2 3 4 6 7 8 10 10 12 15 17 17 18 19 19 20 
143 16
20 19 18 15 14 13 12 11 10 9 8 5 4 3 2 1 
1 4 4 4 4 8 8 8 9 9 10 13 14 16 16 20 
395 14
20 19 18 17 16 15 14 13 10 8 7 4 2 1 
2 3 6 6 10 11 12 13 13 14 15 16 17 18 
183 16
20 19 18 17 16 14 13 11 10 9 8 7 5 4 3 2 
2 5 6 8 8 10 10 11 11 12 12 14 14 15 16 17 
406 19
20 19 18 17 16 15 14 13 11 10 9 8 7 6 5 4 3 2 1 
3 3 3 4 8 9 10 10 11 12 12 12 14 14 17 18 18 18 19 
187 11
20 18 13 10 8 7 5 4 3 2 1 
1 6 6 8 10 11 12 14 17 20 20 
253 5
18 17 14 8 3 
1 8 16 18 20 
337 9
18 13 12 11 9 7 3 2 1 
1 3 8 12 13 14 17 17 18 
189 13
19 18 17 16 15 14 11 9 8 7 5 3 1 
1 1 2 4 5 7 7 8 10 12 14 17 18 
387 6
20 16 14 9 3 2 
3 4 6 8 9 18 
328 14
20 18 16 15 13 12 11 10 9 7 5 4 3 2 
3 4 5 6 6 7 9 10 15 16 16 17 18 19 
221 6
19 18 9 7 6 5 
4 6 11 12 14 14 
326 10
20 18 15 14 12 10 5 3 2 1 
3 3 4 5 6 8 9 16 16 19 
441 17
20 19 18 16 15 14 13 12 11 10 9 7 6 5 3 2 1 
1 1 1 6 8 8 9 10 11 13 13 15 15 15 19 20 20 
312 12
19 18 17 16 15 13 12 8 7 4 3 2 
1 2 3 6 6 9 10 11 11 12 13 17 
458 17
20 19 18 17 16 15 14 13 12 11 9 8 7 6 4 3 2 
1 3 4 9 10 10 10 12 14 15 16 18 19 19 20 20 20 
179 19
20 19 18 17 16 15 14 13 11 10 9 8 7 6 5 4 3 2 1 
1 2 3 3 4 4 9 11 11 12 14 15 15 16 16 16 18 19 19 
153 9
17 15 14 11 9 8 5 4 3 
1 1 3 4 5 6 14 19 20 
494 13
20 17 16 14 13 11 10 9 8 7 6 4 3 
2 3 4 4 6 6 7 8 8 9 9 14 20 
150 12
20 19 18 17 14 13 12 11 9 6 4 2 
1 3 4 7 8 9 11 13 14 14 19 20 
103 8
19 13 12 11 9 4 3 2 
1 5 14 16 17 18 18 20 
225 11
17 14 12 10 9 7 6 5 4 3 2 
1 2 3 5 5 9 9 19 19 20 20 
271 8
18 17 12 11 10 7 5 1 
4 4 8 10 11 12 13 20 
474 14
20 19 17 16 15 12 11 10 9 6 5 4 3 1 
1 1 6 11 11 11 11 11 12 14 16 18 19 19 
401 16
20 19 18 17 15 13 12 11 10 9 8 7 6 5 4 3 
1 3 5 7 8 8 8 9 11 12 14 15 16 17 19 20 
177 19
20 19 17 16 15 14 13 12 11 10 9 8 7 6 5 4 3 2 1 
3 3 3 4 7 7 9 9 10 11 11 11 12 14 16 16 17 17 17 
286 13
20 19 17 16 14 12 11 10 8 5 4 3 2 
2 3 3 6 7 7 8 11 11 13 17 19 20 
427 11
20 19 17 15 14 13 11 9 7 5 2 
1 1 2 3 4 5 7 10 10 18 19 
125 10
18 14 13 12 11 7 6 5 4 3 
1 4 7 10 11 14 15 18 19 20 
175 11
20 17 16 15 12 9 8 4 3 2 1 
1 2 3 6 8 8 10 12 15 20 20 
357 11
18 16 15 14 11 10 9 8 5 3 2 
1 1 4 7 11 12 14 14 14 16 17 
197 8
20 18 17 16 14 12 9 8 
1 3 3 8 10 10 12 12 
430 16
20 19 18 17 16 15 14 13 11 10 9 8 6 5 3 2 
2 4 5 5 6 11 12 13 16 16 16 16 18 19 19 20 
364 6
19 13 12 10 7 4 
1 4 9 12 12 17 
175 19
19 18 17 16 15 14 13 12 11 10 9 8 7 6 5 4 3 2 1 
4 4 4 8 8 11 11 13 13 14 15 15 16 16 19 19 20 20 20 
260 19
20 19 18 16 15 14 13 12 11 10 9 8 7 6 5 4 3 2 1 
2 3 3 5 7 8 10 12 12 13 14 14 15 16 18 19 19 19 20 
375 15
18 17 16 14 13 11 10 8 7 6 5 4 3 2 1 
2 3 4 6 6 8 8 9 11 12 13 16 16 18 20 
310 17
20 18 17 16 15 14 13 12 11 10 9 8 7 4 3 2 1 
1 2 2 5 6 6 9 10 11 12 12 13 14 16 17 19 20 
310 7
18 17 12 9 5 2 1 
3 6 8 9 12 13 19 
262 8
19 16 15 9 5 4 2 1 
1 3 4 6 12 13 14 16 
131 5
20 16 14 10 4 
3 6 11 16 20 
276 18
20 19 17 16 14 13 12 11 10 9 8 7 6 5 4 3 2 1 
1 4 8 10 11 11 11 12 12 13 14 14 14 16 17 17 19 19 
208 15
19 18 17 16 13 11 10 9 8 7 6 5 3 2 1 
1 2 4 4 5 6 6 6 9 9 9 13 13 15 18 
173 14
20 19 18 16 15 14 13 10 8 7 6 3 2 1 
4 5 5 5 8 9 10 11 13 17 18 18 18 20 
221 15
18 17 16 14 12 11 10 9 8 7 6 5 4 3 2 
1 2 3 6 9 9 10 10 12 13 14 14 16 16 19 
140 5
20 8 6 3 1 
7 7 10 12 17 
223 15
20 19 15 14 13 11 10 8 7 6 5 4 3 2 1 
3 4 7 9 10 10 11 12 15 16 17 18 19 20 20 
420 15
20 17 16 14 13 12 11 10 9 8 7 4 3 2 1 
1 2 3 3 5 6 9 9 9 9 9 9 13 16 20 
380 5
20 16 13 11 1 
7 8 10 11 14 
304 6
19 15 14 9 3 1 
1 6 9 11 12 17 
424 11
20 16 15 13 11 10 9 7 6 2 1 
2 2 3 4 5 7 8 11 16 19 20 
327 18
20 19 18 16 15 14 13 12 11 9 8 7 6 5 4 3 2 1 
2 2 4 6 6 8 8 8 9 9 11 13 15 16 16 17 17 18 
459 6
16 11 9 8 5 1 
1 3 10 16 17 17 
323 12
20 19 18 17 15 13 10 9 7 6 5 4 
1 1 2 3 4 6 6 7 13 15 17 19 
216 15
19 18 17 15 14 12 10 9 8 6 5 4 3 2 1 
2 6 7 8 11 13 14 14 15 15 15 16 16 17 17 
121 10
18 17 15 12 11 9 8 7 4 3 
3 7 7 7 8 10 13 16 18 20 
354 11
20 19 17 16 14 13 12 11 10 3 1 
3 4 5 6 6 7 9 11 14 17 20 
469 9
20 19 17 14 10 9 8 3 2 
1 3 7 8 8 11 11 14 18 
236 13
20 19 17 14 13 10 9 6 5 4 3 2 1 
1 4 4 5 6 9 11 11 14 14 17 18 19 
489 12
19 16 15 14 12 10 8 7 5 3 2 1 
1 1 1 4 5 5 5 10 13 13 16 19 
299 16
20 19 18 17 16 14 13 12 11 10 9 8 6 5 4 1 
2 3 3 4 4 7 7 7 8 9 10 14 14 17 19 20 
143 15
20 19 18 15 14 13 11 10 9 8 7 5 4 2 1 
1 5 5 8 9 9 10 11 14 14 15 15 16 18 20 
351 10
18 17 14 13 12 10 8 6 3 2 
2 3 3 5 12 12 14 15 18 18 
158 5
15 14 12 10 7 
5 6 10 10 13 
311 8
20 19 18 11 10 4 3 1 
2 3 11 13 13 13 16 17 
403 7
17 14 9 8 7 5 1 
1 5 6 17 17 18 18 
346 7
17 12 10 7 6 4 3 
1 1 3 10 15 16 16 
336 6
15 11 9 6 5 1 
6 7 9 13 14 20 
130 13
20 18 15 14 12 11 9 8 7 6 5 4 2 
5 6 8 8 9 9 10 11 13 13 17 17 20 
333 18
20 19 18 17 16 15 14 13 12 11 10 9 8 7 6 3 2 1 
1 2 2 4 5 8 8 9 9 10 11 12 13 16 18 18 18 19 
148 11
18 17 16 15 14 12 11 9 8 5 2 
1 3 7 7 7 10 10 14 16 18 19 
175 5
16 12 9 8 4 
3 6 8 17 20 
214 6
17 11 9 7 4 3 
1 5 17 19 20 20 
491 8
18 16 15 14 9 8 7 6 
2 2 4 7 14 17 18 20 
403 9
20 17 12 11 10 8 7 4 3 
1 2 3 12 13 14 16 17 18 
220 18
20 19 18 17 15 14 13 12 11 10 9 8 7 6 5 4 2 1 
1 1 4 4 4 7 8 8 9 13 14 16 16 16 17 18 19 19 
303 12
20 19 18 16 15 14 13 12 11 10 3 1 
1 7 7 7 9 9 11 12 15 17 17 19 
269 15
20 19 18 17 15 14 12 11 9 8 7 5 4 2 1 
1 2 4 5 7 7 8 9 10 17 18 19 19 19 20 
421 16
20 19 18 17 16 12 11 10 9 8 7 6 5 4 3 1 
2 2 4 4 9 10 13 13 14 15 16 16 17 18 18 19 
387 12
20 19 18 17 13 11 10 8 6 5 4 2 
3 5 7 7 8 10 11 11 12 14 14 19 
461 16
20 19 18 17 16 15 13 11 10 9 8 7 6 5 3 2 
1 4 8 9 9 10 10 10 13 14 14 15 15 16 17 18 
311 5
20 17 9 4 1 
10 13 17 17 18 
240 13
20 19 17 16 14 12 9 8 7 6 4 3 2 
1 4 4 4 8 11 13 13 14 14 15 17 19 
193 14
20 19 18 16 15 13 12 10 9 7 6 5 4 3 
1 5 5 6 7 8 8 9 11 11 12 13 20 20 
432 7
20 19 12 11 7 2 1 
3 5 5 5 5 12 19 
418 6
19 15 12 9 8 4 
1 2 2 12 16 20 
361 17
20 19 18 17 15 14 12 11 10 9 8 7 6 4 3 2 1 
7 9 9 10 11 11 13 13 13 14 14 15 16 16 18 18 20 
410 12
19 17 15 14 13 11 10 9 8 6 5 3 
4 6 7 7 8 9 9 10 12 15 18 18 
423 9
20 16 15 13 12 7 6 4 1 
6 10 10 11 11 11 14 18 19 
261 15
20 19 18 16 15 14 13 12 11 10 9 8 7 6 1 
3 3 6 8 8 9 10 11 12 14 15 17 17 17 20 
192 19
20 19 18 17 16 15 14 13 12 11 10 9 8 7 5 4 3 2 1 
1 2 3 5 6 6 6 7 8 11 12 12 12 14 17 18 19 19 20 
436 14
20 18 17 16 14 13 11 10 8 7 6 5 4 2 
2 2 2 3 5 6 7 8 11 11 14 16 16 17 
365 16
20 19 17 16 15 13 12 11 10 9 7 5 4 3 2 1 
4 5 5 5 6 6 7 8 11 11 12 14 18 19 19 20 
280 12
20 19 18 17 15 13 11 7 5 4 3 2 
2 4 5 5 7 12 12 12 14 14 15 17 
431 18
20 19 18 17 16 15 14 13 12 11 9 8 7 6 5 4 3 1 
1 2 4 4 4 5 5 10 10 10 10 11 11 12 13 14 18 20 
386 17
20 19 18 16 15 13 12 10 9 8 7 6 5 4 3 2 1 
2 5 8 9 9 9 10 10 10 11 11 11 12 18 18 19 20 
447 19
20 18 17 16 15 14 13 12 11 10 9 8 7 6 5 4 3 2 1 
1 1 3 3 7 7 8 10 11 12 12 12 12 16 19 19 20 20 20 
341 11
16 15 13 12 11 10 8 4 3 2 1 
1 5 5 5 7 8 10 11 16 17 19 
282 18
20 19 18 17 16 15 14 13 12 11 10 9 8 7 6 5 4 2 
1 2 4 5 5 6 6 7 7 10 10 11 12 14 16 17 18 20 
177 17
20 19 18 17 16 15 14 13 11 10 9 7 5 4 3 2 1 
1 1 4 5 7 7 8 9 10 11 11 11 14 14 14 16 20 
113 16
19 18 17 15 14 12 11 10 9 8 7 6 5 4 3 1 
1 2 7 8 9 10 11 12 13 14 16 17 17 17 18 20 
288 11
20 19 18 17 15 12 9 8 4 3 2 
1 1 2 2 3 6 6 10 11 18 20 
162 14
19 16 15 14 13 11 9 8 7 6 4 3 2 1 
2 6 7 11 11 11 12 12 12 13 14 14 18 20 
231 16
20 19 18 17 16 15 14 13 10 9 8 6 5 4 2 1 
1 3 4 4 4 8 10 11 14 15 17 17 18 18 18 19 
161 10
20 15 14 13 12 10 8 7 5 2 
4 5 6 9 10 10 12 14 15 20 
323 7
19 11 10 9 6 5 4 
3 5 11 15 16 19 19 
205 12
20 19 15 14 13 12 11 9 8 3 2 1 
7 8 8 10 10 12 12 17 18 19 19 20 
415 12
20 18 17 14 12 11 8 6 5 3 2 1 
5 7 8 9 10 13 14 16 16 19 19 20 
353 19
20 19 18 17 16 15 14 13 12 11 10 9 8 7 5 4 3 2 1 
1 2 2 2 3 6 8 9 13 15 15 17 18 18 18 18 19 19 19 
251 9
17 14 10 9 8 7 4 2 1 
2 3 4 4 6 6 9 11 11 
391 14
20 17 16 15 14 13 12 10 9 8 7 6 5 4 
1 4 5 8 9 11 11 11 12 14 15 17 17 18 
291 11
17 16 15 13 12 10 9 7 6 5 3 
1 4 4 9 12 13 15 15 17 19 20 
449 8
20 19 17 13 12 8 7 5 
3 5 8 10 11 11 12 18 
104 5
16 15 13 11 6 
7 10 15 18 20 
136 13
20 19 18 16 15 14 12 11 9 8 5 3 1 
1 3 6 10 10 10 11 12 12 15 15 16 16 
456 19
20 19 18 17 16 15 14 13 12 11 10 9 8 7 6 5 4 3 1 
1 2 3 3 5 7 8 9 11 11 12 13 14 14 14 15 15 16 17 
408 13
20 18 15 14 13 12 11 10 7 6 5 4 1 
3 5 5 6 8 9 12 13 17 17 17 18 20 
171 16
20 19 16 15 14 13 12 11 9 8 7 5 4 3 2 1 
1 1 2 2 3 3 4 7 13 14 14 18 18 19 19 20 
144 19
20 19 18 17 16 15 14 12 11 10 9 8 7 6 5 4 3 2 1 
1 3 3 3 4 5 6 6 7 7 9 10 10 11 12 13 14 19 19 
436 16
20 19 17 16 13 12 11 10 9 8 7 6 5 4 3 1 
2 2 3 4 5 10 11 11 11 12 13 13 14 19 20 20 
222 14
20 19 17 16 14 13 12 11 10 9 8 7 6 3 
2 3 5 8 11 12 12 14 14 16 17 18 18 18 
430 7
20 19 12 10 9 5 4 
3 11 12 13 14 14 16 
428 5
19 15 13 8 2 
3 4 4 6 8 
365 13
20 16 15 13 12 11 10 9 8 6 3 2 1 
1 1 3 3 7 9 10 11 12 13 15 20 20 
262 15
20 19 17 16 15 13 11 9 8 7 6 5 4 2 1 
1 3 4 5 6 8 8 10 13 13 13 17 17 18 20 
391 7
19 17 12 11 8 6 5 
1 2 8 11 16 17 18 
211 16
20 19 18 17 16 14 13 12 11 9 7 6 4 3 2 1 
2 2 5 6 7 7 7 9 11 11 12 13 13 13 13 15 
266 10
19 18 17 15 14 13 12 9 8 3 
4 5 7 9 9 11 12 12 12 15 
111 10
20 19 10 8 7 6 5 3 2 1 
5 5 6 9 9 10 12 14 16 20 
449 18
20 19 18 17 16 15 14 13 12 11 10 9 8 7 6 5 3 1 
2 3 4 5 5 7 8 10 12 13 13 14 14 15 17 17 19 19 
240 12
19 17 12 11 10 9 8 7 5 4 2 1 
2 3 3 6 9 10 11 14 14 19 19 20 
417 12
20 17 15 14 13 9 6 5 4 3 2 1 
2 2 4 6 6 11 11 12 13 13 14 18 
470 17
20 18 17 16 15 14 13 12 11 10 8 7 6 5 4 3 1 
2 8 8 9 9 9 11 11 12 13 14 14 14 15 19 19 20 
262 18
20 19 18 17 16 15 14 13 12 11 10 9 8 7 6 5 4 2 
2 4 4 5 5 6 6 7 9 9 11 11 12 14 14 17 17 20 
206 11
17 16 15 13 12 11 8 5 4 3 2 
1 2 2 3 4 4 6 7 8 16 16 
151 12
17 15 14 13 11 10 9 6 5 4 3 1 
1 3 3 4 6 6 9 13 14 14 16 18 
231 6
20 18 10 5 3 2 
1 2 3 7 14 19 
317 19
20 19 18 17 16 14 13 12 11 10 9 8 7 6 5 4 3 2 1 
2 2 2 5 7 7 8 9 10 10 12 13 13 16 17 17 19 20 20 
277 8
17 16 11 10 9 8 2 1 
4 6 8 9 11 11 13 17 
278 6
19 18 17 12 11 6 
1 9 11 15 19 20 
155 16
20 19 18 17 16 15 14 12 11 10 9 7 6 4 3 2 
2 5 6 6 7 7 9 14 14 15 16 17 17 18 19 19 
318 5
19 13 12 9 3 
2 3 6 16 20 
359 5
19 12 10 9 2 
5 9 13 14 20 
178 14
20 18 17 16 15 14 11 9 8 6 5 4 3 2 
1 2 2 4 5 6 6 9 12 12 12 14 19 20 
416 19
20 19 18 17 16 15 14 13 12 11 10 9 8 7 6 4 3 2 1 
2 2 2 5 5 8 9 9 10 11 13 13 13 14 16 16 18 19 20 
244 13
20 19 18 17 13 11 10 9 6 5 3 2 1 
3 4 5 7 10 11 12 13 14 15 16 18 19 
401 7
19 17 16 14 10 6 4 
3 5 6 6 6 8 15 
474 15
19 18 17 16 15 13 12 10 9 8 7 5 4 2 1 
3 7 7 7 9 9 10 10 14 15 18 19 20 20 20 
207 15
20 19 18 17 16 15 13 12 11 10 9 7 3 2 1 
2 3 5 5 5 6 6 7 7 11 12 16 17 18 18 
379 6
16 14 11 6 4 3 
4 5 6 8 14 19 
295 19
20 19 18 17 16 15 14 13 12 11 10 9 8 7 6 5 4 3 1 
1 1 1 3 3 6 6 7 10 10 15 15 16 16 18 19 19 20 20 
471 10
20 19 16 15 14 11 10 6 2 1 
1 1 2 3 6 9 11 11 15 17 
304 6
19 18 17 15 14 12 
5 8 11 15 18 20 
323 10
20 19 18 16 15 14 13 11 9 1 
2 4 5 6 9 11 12 18 18 19 
492 13
20 17 16 15 14 11 10 9 8 7 6 4 2 
6 6 9 9 10 10 11 13 16 16 16 18 18 
170 16
20 19 18 17 15 14 13 10 8 7 6 5 4 3 2 1 
2 2 4 6 7 7 8 10 10 11 12 12 17 17 17 20 
298 14
20 19 18 17 15 14 13 12 11 10 7 4 2 1 
3 3 4 5 7 7 7 9 16 16 18 19 19 20 
129 8
19 18 15 14 10 9 6 1 
3 4 7 8 15 16 17 19 
347 7
20 18 16 13 9 2 1 
5 8 10 12 16 19 19 
432 9
20 16 15 14 13 10 9 6 1 
2 2 3 3 5 7 8 12 14 
388 10
20 18 17 15 13 9 8 7 5 2 
1 3 3 4 8 11 11 12 13 15 
186 6
18 16 14 8 7 3 
5 7 7 17 17 19 
454 18
20 19 18 17 15 14 13 12 11 10 9 8 7 6 4 3 2 1 
1 6 6 6 7 7 9 9 9 9 9 11 12 13 13 14 17 18 
262 18
20 19 18 17 16 15 14 13 12 11 9 8 7 6 5 3 2 1 
1 1 1 2 4 6 8 10 11 11 11 13 13 15 16 18 18 19 
341 18
19 17 16 15 14 13 12 11 10 9 8 7 6 5 4 3 2 1 
4 4 6 6 7 8 12 13 14 14 14 15 17 17 17 18 19 19 
381 9
19 18 16 15 14 10 9 6 4 
1 1 3 5 6 11 12 12 17 
279 11
20 18 17 16 14 13 12 7 5 2 1 
1 5 6 9 10 13 15 16 17 18 19 
261 8
19 15 14 10 9 8 7 5 
3 4 7 8 10 12 16 19 
465 17
20 19 17 16 15 13 12 11 10 9 8 7 6 4 3 2 1 
1 1 4 5 6 8 9 10 10 11 11 11 17 17 18 20 20 
397 5
16 14 12 7 5 
11 13 14 15 19 
281 12
20 18 16 15 12 11 9 8 7 5 4 2 
3 6 6 6 8 8 10 10 11 13 13 14 
318 6
19 15 11 7 5 1 
2 4 4 5 12 15 
448 6
20 15 14 10 7 2 
7 8 12 14 17 20 
471 7
18 17 11 9 7 6 3 
1 5 6 11 14 18 18 
419 11
20 18 16 14 13 12 8 6 4 3 1 
3 3 7 9 10 11 12 16 18 18 19 
213 19
20 19 18 17 16 15 14 13 12 11 10 9 8 6 5 4 3 2 1 
1 1 2 5 6 6 7 7 11 11 13 13 13 14 15 16 16 19 20 
162 7
19 18 17 15 12 8 2 
3 7 9 12 16 16 20 
144 13
20 19 17 16 15 14 11 9 7 6 4 3 1 
3 3 8 9 9 10 10 12 12 15 16 16 19 
211 18
20 19 18 16 15 14 13 12 11 10 8 7 6 5 4 3 2 1 
1 2 5 6 7 8 8 9 9 9 9 10 10 14 16 16 17 19 
260 7
20 18 17 14 13 4 2 
5 11 11 12 14 19 19 
450 14
19 18 17 16 15 14 13 12 11 8 7 4 3 2 
4 5 6 6 6 9 10 10 17 17 17 18 19 20 
178 16
19 18 17 16 15 13 12 11 10 9 8 5 4 3 2 1 
1 2 3 8 10 10 11 11 12 14 16 18 18 18 19 19 
212 9
20 18 16 13 11 10 9 7 6 
2 5 8 9 10 10 14 14 15 
245 5
19 14 13 7 2 
1 4 5 15 17 
397 11
20 19 18 17 14 13 11 6 5 4 3 
4 5 6 8 10 10 13 14 17 18 20 
133 6
19 18 12 11 4 3 
3 5 7 8 10 18 
451 12
18 17 16 15 13 10 9 8 7 6 5 3 
1 3 6 9 9 10 10 17 17 19 19 20 
493 9
19 18 14 10 9 8 7 6 5 
1 10 10 11 11 13 13 13 20 
130 13
20 19 16 14 13 12 11 8 7 6 5 3 1 
2 3 5 5 7 8 10 10 11 13 19 19 20 
204 9
20 19 18 17 16 14 13 11 1 
1 4 6 7 12 14 14 18 20 
460 17
19 18 17 16 15 13 12 11 10 9 8 7 6 4 3 2 1 
2 2 2 2 3 3 4 5 8 8 9 11 13 15 16 18 20 
449 9
17 16 14 13 10 9 7 5 2 
1 3 4 4 13 14 16 17 18 
166 15
20 19 17 16 15 14 12 10 9 8 6 5 3 2 1 
4 5 8 10 11 12 13 15 16 17 18 18 19 20 20 
484 16
20 19 17 16 15 14 13 12 11 10 8 7 6 5 4 2 
2 3 4 6 7 10 11 13 15 16 16 17 17 18 20 20 
146 10
20 19 17 16 15 13 12 7 5 4 
2 3 3 5 8 14 16 18 19 19 
454 13
20 18 17 16 15 14 11 9 8 7 6 4 1 
1 1 2 3 4 5 12 13 13 14 14 19 20 
111 5
20 15 7 6 3 
6 7 7 8 18 
324 11
20 19 16 15 14 12 10 6 5 3 2 
3 4 5 6 6 8 9 14 17 17 20 
160 18
20 19 18 16 15 14 13 12 11 10 9 7 6 5 4 3 2 1 
1 2 4 6 6 6 7 9 11 11 15 15 18 18 19 20 20 20 
426 8
19 18 17 15 14 10 8 3 
1 1 4 5 13 14 14 16 
357 18
20 19 18 17 16 15 14 13 12 10 9 8 7 6 5 4 2 1 
1 3 4 6 6 7 8 8 10 11 13 16 16 16 17 18 19 20 
282 9
20 18 16 12 11 9 7 4 1 
7 9 10 13 13 15 17 20 20 
118 16
18 16 15 14 13 12 11 10 9 8 7 6 4 3 2 1 
2 5 5 6 7 9 11 12 13 16 17 17 18 20 20 20 
286 14
20 18 17 16 15 14 13 12 11 10 5 3 2 1 
4 5 6 6 7 9 10 11 14 15 16 17 19 20 
205 16
19 18 16 14 13 12 11 9 8 7 6 5 4 3 2 1 
1 4 5 5 6 9 9 10 10 10 12 14 17 18 19 20 
131 14
20 19 17 16 14 12 11 10 9 8 6 3 2 1 
5 6 7 10 12 12 13 13 13 14 19 20 20 20 
280 19
20 19 18 17 16 15 14 13 12 11 10 9 8 7 5 4 3 2 1 
1 1 2 4 4 5 6 7 9 10 11 11 11 13 14 14 15 17 18 
280 9
20 19 17 10 8 6 5 3 1 
5 6 7 10 13 16 18 18 19 
131 13
19 17 16 14 13 12 11 9 8 6 4 2 1 
2 3 5 7 8 8 9 11 13 15 18 19 20 
374 10
18 15 14 12 11 10 9 8 6 4 
5 8 8 13 14 17 17 18 19 19 
331 16
20 19 18 17 15 14 12 11 10 8 6 5 4 3 2 1 
1 3 4 6 7 7 8 9 14 14 14 15 17 18 18 20 
377 5
19 17 10 7 5 
1 1 9 13 14 
455 9
16 15 14 13 11 7 4 3 2 
4 7 8 10 10 11 16 17 20 
436 17
20 19 18 15 14 12 11 10 9 8 7 6 5 4 3 2 1 
3 6 6 7 7 8 9 13 13 15 15 16 16 16 17 17 17 
311 8
20 18 17 16 13 9 8 1 
4 6 7 9 11 12 16 16 
139 9
20 17 15 12 11 9 7 5 2 
1 2 2 4 4 5 7 7 9 
199 13
19 18 17 16 13 12 11 8 6 4 3 2 1 
3 3 4 8 9 9 10 12 14 15 17 17 19 
423 17
20 19 18 17 14 13 12 11 10 8 7 6 5 4 3 2 1 
1 3 3 4 4 5 6 6 6 11 13 15 17 18 18 20 20 
487 6
20 16 15 8 4 3 
1 3 3 15 16 18 
183 17
20 18 17 15 14 13 12 11 9 8 7 6 5 4 3 2 1 
2 4 5 5 6 8 9 11 12 13 14 14 15 17 17 17 19 
139 11
20 19 17 16 11 9 8 7 5 2 1 
6 7 9 12 12 16 17 19 19 20 20 
368 19
19 18 17 16 15 14 13 12 11 10 9 8 7 6 5 4 3 2 1 
3 5 7 8 8 9 10 11 11 11 13 13 14 15 15 16 16 17 18 
100 10
20 19 18 16 14 10 8 5 2 1 
4 5 7 7 7 8 10 12 17 20 
265 10
18 17 16 15 14 12 11 10 9 6 
1 1 3 7 7 10 11 15 17 19 
307 18
19 18 17 16 15 14 13 12 11 10 9 8 6 5 4 3 2 1 
1 1 4 4 5 6 6 8 9 10 11 13 14 14 14 14 16 20 
268 7
19 18 17 13 8 7 2 
2 3 4 9 13 13 18 
479 18
20 19 18 15 14 13 12 11 10 9 8 7 6 5 4 3 2 1 
2 3 5 6 7 7 7 9 10 11 12 14 16 16 16 17 17 19 
231 15
20 19 16 14 13 12 11 10 9 8 7 5 4 2 1 
1 1 3 5 7 8 8 10 10 11 12 13 16 18 18 
156 6
19 12 8 6 4 3 
5 6 7 8 11 12 
306 8
20 19 12 10 9 7 4 3 
1 3 7 12 14 14 15 17 
258 17
20 19 18 17 16 15 13 12 11 10 9 8 6 4 3 2 1 
1 4 5 7 9 10 11 12 13 14 14 16 16 17 19 20 20 
384 9
20 13 12 11 7 6 5 3 1 
1 1 3 3 7 13 13 14 18 
469 10
19 18 16 15 14 13 8 7 6 4 
2 4 4 4 6 6 9 13 18 20 
413 19
20 19 18 17 16 15 14 13 12 11 10 9 8 7 6 5 3 2 1 
1 3 3 6 7 9 10 11 12 12 12 13 15 17 18 18 18 19 19 
162 13
20 19 17 15 12 11 9 7 6 4 3 2 1 
3 3 4 4 4 6 9 9 9 15 16 18 18 
239 9
20 18 17 14 13 11 10 8 6 
1 3 5 6 8 10 13 15 17 
334 11
20 19 18 16 15 14 11 10 4 2 1 
5 5 7 8 16 17 18 18 18 19 20 
231 14
20 19 17 15 14 13 12 11 10 7 6 5 2 1 
2 7 8 11 11 13 15 15 16 17 17 18 19 20 
379 12
18 17 16 14 12 11 10 8 7 6 3 1 
3 5 6 7 8 9 13 16 17 19 19 20 
453 9
19 18 14 12 11 5 4 3 1 
3 7 7 9 9 9 11 13 16 
232 5
17 15 9 8 5 
1 3 7 15 16 
102 9
19 13 12 9 8 7 6 2 1 
2 9 12 14 16 16 17 17 19 
106 11
19 17 16 14 13 12 11 9 7 5 1 
1 5 6 6 8 9 12 13 15 16 18 
137 6
19 18 16 14 4 2 
1 5 6 8 10 11 
323 17
20 19 18 17 16 15 14 13 12 11 9 7 6 5 4 3 2 
1 2 2 4 6 8 9 10 11 11 11 12 13 16 19 20 20 
307 9
19 18 14 13 12 9 8 6 3 
1 5 6 13 14 14 17 18 18 
497 10
20 19 18 15 14 12 11 10 8 5 
2 3 5 5 10 11 13 15 16 17 
460 8
20 19 17 16 14 13 8 4 
1 1 3 4 6 11 15 19 
214 18
20 19 18 17 16 15 13 12 11 10 9 8 7 6 4 3 2 1 
2 3 3 4 4 5 5 6 7 7 9 9 11 13 14 15 16 19 
288 10
18 15 14 10 9 8 7 5 3 1 
7 7 9 11 12 14 15 16 18 20 
298 9
20 19 18 14 13 10 7 6 1 
1 3 7 9 10 12 16 17 19 
357 16
20 19 18 17 16 15 14 13 12 9 8 7 5 4 3 2 
2 2 2 4 5 5 6 8 10 14 14 15 15 16 18 20 
492 5
18 16 15 13 12 
4 8 14 15 17 
479 19
20 18 17 16 15 14 13 12 11 10 9 8 7 6 5 4 3 2 1 
3 5 5 6 10 10 11 12 14 15 15 15 16 16 17 17 18 19 20 
301 6
20 19 17 15 5 3 
2 3 8 11 12 18 
129 15
20 18 17 16 15 13 12 11 10 9 8 7 5 3 2 
1 2 4 4 4 5 7 11 13 13 13 13 14 17 18 
234 16
20 19 18 15 14 13 12 11 9 8 7 6 5 3 2 1 
1 5 6 7 7 7 8 11 12 12 14 14 14 15 15 20 
223 17
20 19 18 17 16 15 14 13 11 10 9 8 7 5 4 3 1 
4 4 6 6 7 7 8 11 11 13 14 14 16 16 16 17 19 
241 9
20 19 15 12 11 10 9 4 1 
1 3 4 9 10 12 14 14 20 
444 15
20 19 17 16 15 14 13 12 11 9 8 7 5 2 1 
1 3 3 4 6 7 8 9 10 11 12 14 19 20 20 
449 16
20 19 18 17 16 13 11 9 8 7 6 5 4 3 2 1 
1 1 1 2 4 4 7 9 10 10 11 14 15 18 20 20 
355 5
19 17 14 8 2 
1 1 4 17 18 
212 12
19 18 14 13 12 11 10 8 6 5 4 3 
1 2 4 7 7 7 9 11 11 16 17 20 
226 15
19 18 17 16 15 14 9 8 7 6 5 4 3 2 1 
1 3 5 8 10 10 11 13 14 15 17 17 18 18 20 
444 11
18 17 16 13 10 8 7 6 5 4 1 
2 5 7 7 8 8 11 13 13 15 19 
139 9
19 18 16 14 11 10 6 2 1 
9 11 13 14 17 17 17 18 18 
170 9
19 15 13 10 9 7 5 3 1 
2 4 5 6 10 11 16 17 19 
100 17
20 19 18 17 16 15 14 13 12 11 9 7 6 5 3 2 1 
1 1 3 3 5 5 6 8 10 11 13 14 16 17 17 19 19 
220 15
20 18 17 16 15 13 11 10 9 7 6 4 3 2 1 
2 5 6 6 8 9 9 10 10 11 13 15 17 20 20 
157 19
20 19 18 17 15 14 13 12 11 10 9 8 7 6 5 4 3 2 1 
2 2 3 4 7 7 7 8 9 10 12 13 14 16 16 18 18 19 19 
407 13
20 17 16 13 12 10 7 6 5 4 3 2 1 
1 2 4 5 5 7 8 8 10 12 14 16 20 
195 6
16 15 9 5 3 1 
2 2 5 16 16 19 
205 5
15 8 7 5 3 
4 10 14 17 20 
299 8
20 19 16 15 14 10 6 4 
4 7 10 11 14 17 19 19 
109 9
19 16 15 14 13 5 4 3 1 
4 4 7 10 11 12 14 19 20 
245 15
20 18 16 14 13 11 10 9 8 7 6 5 4 3 2 
2 2 3 4 9 10 11 12 13 14 14 15 16 16 17 
415 10
20 19 16 14 13 11 8 7 4 3 
2 9 9 10 12 12 12 13 18 19 
497 5
19 16 12 4 2 
1 8 10 13 19 
386 8
19 17 16 13 12 7 2 1 
1 1 6 8 10 10 11 12 
422 8
17 14 12 9 6 5 4 2 
4 4 4 6 8 12 17 18 
133 10
18 17 14 12 11 10 8 5 2 1 
4 4 5 5 12 14 14 16 17 19 
235 7
16 15 13 10 7 6 1 
5 7 8 9 12 14 15 
223 7
20 19 18 16 12 2 1 
1 2 6 7 8 18 20 
309 18
20 19 18 17 16 15 14 13 12 11 10 8 7 6 5 4 3 2 
2 4 6 7 10 12 14 14 15 15 15 16 17 18 19 19 20 20 
189 18
20 19 18 17 16 14 13 12 11 10 8 7 6 5 4 3 2 1 
1 4 5 7 8 9 9 10 10 11 11 15 15 16 16 17 17 18 
140 8
20 18 17 14 13 11 8 7 
5 7 7 8 13 15 17 20 
231 15
20 19 18 17 16 15 14 12 10 9 7 5 4 3 1 
2 3 3 3 5 5 6 7 7 7 7 14 16 17 19 
295 15
20 19 18 17 15 13 12 10 8 6 5 4 3 2 1 
7 8 8 9 9 9 10 10 11 11 15 16 16 20 20 
238 13
20 18 17 13 12 11 10 6 5 4 3 2 1 
5 7 7 7 9 10 10 14 15 15 16 18 20 
