500
134 18
24 23 22 21 18 17 15 14 13 12 11 10 9 6 5 3 2 1 
3 4 7 7 10 14 15 18 18 19 19 20 21 22 23 24 25 25 
289 17
25 24 22 21 20 19 17 16 15 13 12 11 9 8 6 5 3 
1 7 7 9 12 15 15 15 17 20 22 22 23 24 24 25 25 
121 8
19 16 15 14 13 9 6 1 
5 5 6 6 10 10 17 20 
63 6
25 21 16 15 12 2 
3 5 13 14 20 20 
252 9
25 23 21 12 10 9 8 7 4 
4 4 8 8 9 15 19 23 24 
84 6
18 16 15 8 7 1 
1 4 8 8 15 25 
308 13
25 24 23 22 21 17 14 12 11 9 3 2 1 
1 7 8 8 9 9 12 15 16 19 20 23 23 
276 15
23 22 21 20 19 18 17 16 14 12 10 9 7 6 1 
3 4 4 5 5 5 6 16 16 17 18 18 20 20 24 
229 17
24 23 21 20 19 18 17 15 13 11 10 9 8 6 5 4 2 
1 3 4 4 4 5 5 14 17 22 22 23 24 24 24 25 25 
246 5
22 19 15 14 7 
7 11 13 21 22 
226 15
24 23 22 21 19 17 15 13 10 9 8 7 5 4 3 
1 5 6 8 8 9 9 13 14 15 16 18 19 24 25 
392 6
23 21 13 6 4 3 
8 8 14 14 18 20 
28 17
23 22 20 19 18 16 14 13 12 11 10 8 6 5 4 3 1 
2 5 7 8 9 10 11 14 15 15 17 19 19 20 20 22 23 
63 19
25 23 22 20 17 16 15 14 13 12 11 8 7 6 5 4 3 2 1 
1 1 3 5 7 7 7 9 9 10 11 17 17 19 21 22 23 25 25 
139 5
21 14 11 9 5 
2 9 11 12 23 
80 14
23 21 20 19 17 12 11 9 8 7 4 3 2 1 
4 4 5 7 9 13 15 15 18 19 20 21 23 24 
41 14
25 24 23 22 20 17 16 13 11 10 9 4 3 1 
4 5 5 6 9 12 13 15 20 20 23 23 24 25 
146 7
21 19 14 10 5 4 1 
4 6 11 12 15 18 25 
225 8
24 23 20 18 17 16 11 9 
1 5 5 9 10 19 21 23 
380 9
24 23 18 17 16 15 10 6 5 
1 9 12 16 16 18 19 22 25 
216 15
25 24 21 19 17 16 15 14 13 12 10 9 7 5 1 
3 5 6 8 8 9 10 10 12 17 18 19 20 24 25 
76 10
24 22 21 20 18 16 14 12 11 2 
2 2 10 13 16 16 18 21 24 25 
79 15
24 19 16 15 14 13 12 11 10 9 7 5 4 2 1 
2 6 6 6 8 9 11 12 12 12 12 22 22 25 25 
151 7
20 19 16 13 11 7 3 
4 9 15 16 19 25 25 
132 13
23 21 18 17 15 13 12 10 9 7 5 4 3 
2 5 6 7 7 10 12 15 16 16 19 21 24 
350 15
25 23 22 20 19 17 15 12 11 6 5 4 3 2 1 
4 8 10 11 14 15 15 17 18 18 20 21 22 22 23 
342 8
22 21 18 13 12 8 5 1 
6 11 11 18 19 22 23 23 
90 6
24 14 12 10 2 1 
2 11 19 21 21 22 
149 19
25 24 23 22 21 20 19 17 16 14 13 12 10 9 8 7 4 3 1 
1 1 2 3 3 5 9 11 11 12 12 13 13 14 15 15 21 22 25 
300 5
20 13 11 6 1 
7 9 14 18 25 
246 14
24 23 21 17 15 13 12 11 10 9 8 7 3 2 
1 8 9 11 16 17 19 20 20 23 23 23 24 24 
33 17
23 22 21 19 17 16 15 14 13 12 11 10 8 5 3 2 1 
1 3 3 8 11 12 12 14 14 15 15 18 19 19 22 24 24 
267 7
15 13 12 9 5 4 1 
7 11 14 22 23 23 25 
51 11
23 22 20 18 17 15 14 13 5 2 1 
2 3 5 7 11 16 18 19 20 23 25 
164 5
11 10 8 7 6 
2 5 14 19 19 
371 6
20 19 18 17 10 6 
2 7 9 13 15 20 
262 10
25 24 22 20 19 16 15 8 7 3 
1 4 7 7 11 11 14 14 20 20 
23 13
25 24 21 19 18 17 14 12 6 5 4 3 1 
6 6 6 8 8 8 12 13 13 18 22 25 25 
99 19
25 22 21 20 19 18 17 16 15 14 12 11 10 9 8 7 3 2 1 
1 4 4 4 4 4 6 7 8 9 10 11 14 15 18 21 21 22 25 
226 18
25 24 21 20 19 18 17 16 15 14 13 9 8 6 5 4 3 2 
4 4 5 5 5 7 12 13 14 15 15 17 18 20 21 21 22 25 
347 14
24 22 18 17 15 14 13 12 11 7 5 4 3 1 
3 10 10 12 12 13 14 16 18 20 22 22 22 23 
237 13
24 22 21 19 17 12 9 8 5 4 3 2 1 
3 5 5 6 7 11 12 14 20 21 23 24 24 
305 16
24 22 20 18 17 16 12 11 10 8 7 6 4 3 2 1 
3 5 7 8 12 12 12 14 15 20 20 23 23 23 24 24 
87 6
25 20 18 17 16 13 
2 8 9 19 19 23 
199 18
24 23 22 21 20 19 18 17 14 12 11 10 8 6 4 3 2 1 
2 2 3 4 4 8 10 12 13 13 15 16 16 18 18 20 22 24 
222 6
19 15 12 6 5 4 
7 11 12 20 22 25 
132 17
25 23 22 21 20 19 18 17 16 15 13 12 10 6 5 4 2 
3 4 6 7 9 9 9 10 11 14 15 15 16 20 20 20 21 
314 18
25 24 23 22 21 20 19 18 17 16 15 14 13 9 7 6 5 1 
3 5 8 8 10 11 12 16 17 18 18 21 21 22 22 22 23 25 
312 9
24 22 19 18 10 8 4 2 1 
2 4 6 10 10 12 22 22 23 
77 19
23 22 21 20 19 18 17 14 13 11 10 9 8 7 5 4 3 2 1 
2 2 5 5 6 7 9 12 12 12 12 13 15 15 15 15 16 16 16 
42 10
24 22 20 18 10 9 7 4 3 1 
1 2 9 12 15 16 16 19 22 23 
350 8
24 22 21 20 19 16 15 4 
5 10 10 16 17 19 21 22 
51 14
24 23 22 21 17 15 13 12 11 8 7 5 3 1 
1 3 4 4 6 11 11 14 14 15 17 21 24 25 
192 17
25 24 23 21 20 17 15 12 11 8 7 6 5 4 3 2 1 
2 7 7 9 10 11 12 14 15 16 17 17 21 22 23 24 25 
387 5
24 23 18 15 13 
7 11 18 20 22 
324 13
25 22 21 19 17 15 10 9 6 5 4 3 1 
5 6 7 11 13 14 17 19 20 20 23 24 24 
276 6
16 15 14 13 4 3 
5 8 13 17 18 22 
302 11
22 20 17 16 15 12 11 10 7 4 2 
2 2 5 9 10 12 12 16 22 23 24 
191 8
19 15 14 9 7 5 4 3 
2 3 5 8 11 11 13 19 
230 7
23 17 11 9 8 7 1 
2 8 8 9 12 16 18 
173 8
25 24 22 20 13 7 6 1 
5 5 9 10 16 20 20 21 
331 18
25 24 22 21 20 19 15 14 13 12 11 10 9 8 7 6 2 1 
3 3 4 5 6 8 9 9 10 11 11 13 13 13 15 18 20 21 
143 10
25 24 20 19 16 15 11 8 7 6 
2 4 7 8 9 10 11 11 15 17 
239 15
25 23 22 21 20 18 16 15 14 12 11 5 3 2 1 
2 2 3 4 4 5 6 8 8 13 18 18 24 24 25 
346 10
25 24 23 21 18 13 11 10 9 5 
1 2 4 7 8 13 16 18 18 24 
199 10
25 24 23 21 19 18 12 10 4 1 
10 11 14 17 18 18 19 22 22 25 
21 9
21 19 16 9 7 6 5 4 3 
1 2 3 6 11 14 20 21 25 
85 5
23 21 13 12 3 
3 7 14 16 18 
132 8
22 19 17 16 15 14 11 8 
1 3 6 7 13 14 15 16 
254 5
19 18 12 10 3 
3 3 10 12 17 
192 8
25 23 22 18 16 12 11 7 
3 6 9 10 15 16 24 25 
82 7
20 18 13 9 3 2 1 
4 7 9 14 21 22 25 
92 6
25 21 19 16 2 1 
1 16 19 22 24 24 
21 17
25 24 22 21 19 18 17 14 13 11 10 9 8 7 6 4 2 
2 3 4 6 8 10 11 11 13 13 14 16 16 16 19 19 25 
101 13
22 19 18 17 16 13 11 10 8 7 4 3 1 
2 3 4 6 9 12 12 14 16 17 18 23 23 
226 10
25 24 23 21 13 10 9 8 7 3 
1 2 4 6 8 9 16 19 22 25 
54 19
25 23 22 21 20 18 17 16 14 12 10 9 8 6 5 4 3 2 1 
1 2 4 5 8 8 13 13 16 17 18 19 19 19 21 23 23 24 24 
211 14
24 21 20 19 17 16 14 12 11 9 8 6 4 2 
2 6 7 7 10 13 14 20 21 23 23 24 24 25 
374 5
22 21 18 17 14 
11 13 15 16 21 
321 19
25 24 23 21 20 19 18 17 14 13 12 11 10 8 7 5 4 3 2 
3 4 5 9 9 11 13 14 15 16 16 17 17 17 18 23 24 25 25 
195 11
22 21 18 17 15 14 6 5 4 3 2 
5 9 11 15 16 19 19 20 21 23 23 
195 8
24 20 18 17 16 8 7 4 
8 11 12 14 17 19 23 24 
313 7
24 22 21 17 15 4 2 
3 8 10 14 22 22 22 
348 5
23 14 11 9 1 
5 6 9 17 22 
396 14
25 24 23 19 17 15 14 11 10 7 6 5 4 2 
2 3 5 6 9 9 11 14 15 17 19 19 22 23 
220 12
25 23 21 20 19 18 17 16 12 6 5 2 
1 9 12 14 16 17 21 22 22 23 23 25 
335 10
21 20 18 17 16 15 14 12 10 4 
1 3 3 5 7 9 15 17 18 25 
373 13
25 23 22 20 17 16 15 12 11 8 3 2 1 
2 3 5 7 16 16 17 17 22 24 24 25 25 
388 9
24 20 19 17 16 12 11 5 4 
3 6 10 10 15 16 19 21 21 
386 9
24 23 21 20 19 15 12 11 2 
1 4 7 8 11 18 24 25 25 
122 9
25 24 21 16 6 5 4 3 2 
4 5 6 9 10 15 17 24 25 
342 16
25 23 21 20 19 17 16 15 13 12 11 8 6 5 3 2 
1 1 6 6 7 9 11 11 11 13 17 17 19 23 24 24 
88 5
21 18 12 8 2 
10 11 13 15 25 
345 12
24 20 16 15 14 13 11 6 5 4 2 1 
4 8 9 10 11 12 12 12 18 21 21 23 
121 7
21 15 13 10 4 3 1 
2 12 16 18 21 21 22 
67 7
24 18 16 15 11 10 7 
2 8 14 17 22 22 24 
133 9
24 22 20 19 18 14 13 3 1 
2 6 12 12 15 18 21 24 24 
343 14
25 24 23 22 17 16 14 11 10 9 8 7 4 2 
1 1 2 7 11 11 12 13 13 13 14 16 16 23 
140 8
25 24 23 22 20 16 6 2 
3 4 7 12 14 21 22 23 
179 6
25 20 17 13 11 5 
8 8 11 13 17 19 
150 13
24 22 21 16 15 12 11 10 8 5 4 3 1 
1 2 3 6 9 9 15 15 17 17 19 24 25 
44 12
23 22 21 19 12 10 9 6 5 4 3 1 
3 7 8 10 13 14 15 16 20 21 21 24 
150 18
24 22 20 19 16 15 14 13 12 11 10 9 8 5 4 3 2 1 
1 1 2 4 5 5 6 7 11 11 12 18 18 19 20 22 23 25 
224 8
23 11 10 8 6 4 3 2 
2 2 4 8 17 20 21 22 
74 5
24 13 11 8 7 
7 8 9 14 21 
168 6
22 21 17 9 8 3 
3 17 17 22 24 24 
293 12
24 23 17 16 15 14 10 9 8 7 2 1 
1 2 2 4 8 10 16 17 21 21 22 22 
350 11
25 23 21 20 18 16 15 12 9 8 4 
7 8 10 12 13 16 16 18 18 24 24 
78 13
25 22 20 18 17 14 13 12 10 9 5 2 1 
3 6 6 7 8 8 10 10 19 21 22 24 25 
189 10
25 20 15 14 12 11 7 6 4 1 
1 2 3 3 10 11 14 21 24 25 
262 11
25 24 23 19 17 15 14 13 12 6 1 
2 2 7 7 13 13 15 17 18 20 23 
13 5
15 12 11 10 9 
9 12 17 18 20 
79 7
23 22 20 9 7 2 1 
1 5 8 12 14 18 21 
105 12
24 21 19 17 16 14 12 10 7 6 5 4 
1 2 6 8 10 11 13 14 20 22 22 24 
249 7
24 17 15 14 10 8 7 
5 7 13 14 14 19 23 
309 13
25 20 19 18 17 16 14 13 11 8 5 4 1 
1 2 5 5 7 7 13 15 15 15 18 18 24 
353 14
25 24 22 21 20 19 17 16 15 13 9 8 7 6 
1 5 6 8 9 9 12 12 16 18 20 21 25 25 
177 6
23 20 17 13 12 4 
2 7 7 7 12 20 
288 19
25 24 22 21 20 18 17 16 15 13 12 11 10 9 8 6 5 3 1 
3 4 6 6 7 10 11 13 14 15 16 17 17 21 22 22 23 23 24 
53 11
24 22 19 18 14 9 7 6 5 4 2 
2 2 3 7 12 12 17 17 17 19 24 
372 7
24 23 22 18 11 3 2 
3 5 5 7 14 16 17 
155 18
25 23 22 21 20 19 18 15 14 13 12 11 10 9 8 5 4 3 
2 3 4 5 6 7 8 10 10 11 12 13 15 17 19 20 24 25 
170 11
24 23 21 19 16 14 12 11 9 6 4 
1 8 10 10 12 15 15 16 20 23 23 
190 7
15 13 12 11 5 2 1 
9 9 10 15 15 16 19 
96 13
25 23 21 20 18 14 11 10 9 8 5 4 1 
2 3 5 8 9 10 17 19 19 20 22 23 24 
160 14
25 24 21 15 13 12 11 9 7 5 4 3 2 1 
2 4 10 12 13 14 15 15 16 16 17 19 24 25 
159 17
23 21 19 18 17 13 12 11 10 9 7 6 5 4 3 2 1 
1 1 1 1 2 4 5 6 8 8 10 10 10 14 15 16 25 
181 8
22 20 13 11 8 7 6 3 
4 7 11 16 17 17 19 23 
235 18
24 23 22 20 18 17 16 15 14 13 12 11 9 8 7 6 5 2 
1 2 3 4 7 7 10 10 11 15 15 16 18 18 20 20 21 23 
374 10
25 24 21 18 16 13 12 9 3 2 
1 3 5 5 11 13 17 18 20 24 
340 18
25 24 23 22 20 19 18 17 14 11 9 7 6 5 4 3 2 1 
1 2 2 2 5 5 6 13 14 17 17 18 20 21 21 23 24 25 
125 17
25 21 20 18 17 16 15 14 13 12 11 10 9 8 6 5 4 
2 2 3 3 4 5 6 7 11 14 17 18 19 20 24 24 25 
0 12
25 24 23 19 16 12 11 10 8 7 2 1 
7 13 13 13 16 17 18 18 20 23 23 24 
269 18
25 24 23 22 21 20 19 18 16 15 14 10 9 7 6 5 4 3 
2 4 6 11 11 13 13 13 13 16 18 18 20 20 21 21 23 24 
112 7
25 24 22 21 20 19 13 
4 13 13 15 23 23 25 
313 9
25 20 19 16 13 10 5 3 1 
2 4 6 9 12 13 24 24 25 
201 17
25 24 23 22 20 19 18 16 13 11 9 8 6 5 4 2 1 
4 5 5 8 9 9 11 11 14 15 18 18 21 23 23 25 25 
135 13
25 23 20 19 15 11 9 8 7 6 5 4 2 
1 1 2 5 5 6 9 11 13 14 18 20 25 
50 17
25 24 23 22 19 18 17 15 13 12 11 10 9 8 7 3 2 
1 3 5 6 12 13 13 14 14 15 16 16 17 21 23 25 25 
217 14
25 24 23 17 16 15 12 11 10 9 5 4 3 1 
1 9 10 12 13 14 14 17 20 20 21 21 22 25 
251 15
25 24 23 20 16 15 14 13 12 10 8 5 4 3 2 
2 3 5 6 8 12 13 14 15 17 18 18 20 24 25 
258 6
25 15 14 12 8 4 
7 10 14 14 18 20 
117 6
20 19 18 7 6 1 
4 10 10 16 18 22 
182 10
22 19 16 15 14 12 11 10 7 6 
2 4 6 7 9 10 10 15 23 24 
190 18
24 21 20 18 17 16 15 14 13 12 11 10 9 8 7 5 3 2 
3 5 5 6 8 8 8 10 11 11 12 12 13 16 18 18 18 24 
180 17
25 24 21 19 18 16 15 11 10 9 8 6 5 4 3 2 1 
1 3 3 4 5 6 7 8 11 12 13 15 19 19 21 23 25 
74 16
25 24 23 22 21 20 17 16 15 14 12 11 9 4 3 2 
1 4 6 6 6 7 13 14 16 16 17 18 19 23 23 24 
380 10
24 23 20 19 15 14 9 8 5 2 
1 7 7 9 9 9 10 15 22 24 
351 17
25 24 23 21 20 19 18 17 16 15 14 13 12 11 5 2 1 
1 2 3 8 8 8 11 12 14 15 16 16 17 20 24 24 25 
381 15
24 22 21 19 18 14 13 12 11 8 7 4 3 2 1 
3 4 4 5 7 9 10 11 11 14 15 23 23 24 25 
152 16
24 23 22 20 19 17 16 13 12 11 10 9 7 5 4 2 
6 7 11 12 17 17 18 19 19 19 20 22 22 23 24 25 
354 8
25 15 14 12 9 8 5 4 
4 8 16 19 22 22 23 24 
338 14
24 21 20 18 17 16 15 11 10 8 7 5 4 3 
2 3 3 5 5 9 9 11 12 13 22 23 25 25 
368 15
25 22 21 17 14 12 10 8 7 6 5 4 3 2 1 
1 3 6 11 12 13 14 14 17 17 17 18 20 21 21 
129 16
24 23 22 21 20 19 15 14 11 10 9 8 7 6 3 1 
1 5 5 7 8 13 14 14 16 19 19 20 21 22 25 25 
157 14
25 22 19 18 17 15 14 12 11 10 9 7 6 3 
1 2 3 9 12 14 14 14 15 17 17 19 24 24 
378 6
19 18 12 8 7 6 
6 8 8 11 12 15 
38 10
23 22 21 15 12 9 5 4 2 1 
2 7 14 20 20 20 23 24 24 25 
89 13
19 18 16 15 13 12 9 8 5 4 3 2 1 
1 3 7 9 9 10 10 10 13 18 23 24 25 
363 19
24 23 22 21 20 18 17 16 15 13 12 11 10 9 8 7 4 3 2 
1 1 5 6 8 9 9 12 12 12 13 13 18 20 20 20 21 21 24 
234 10
24 19 18 14 13 10 6 4 2 1 
6 6 7 9 10 13 15 19 22 23 
191 12
24 23 17 14 13 11 10 9 5 4 3 1 
1 3 5 8 14 16 17 18 20 21 23 25 
309 8
22 18 17 11 7 5 4 3 
4 6 10 12 15 19 22 23 
392 10
24 22 20 17 11 9 8 6 4 2 
4 4 8 11 14 15 18 18 22 25 
365 12
25 22 21 20 19 18 17 16 15 9 7 3 
3 11 15 15 17 19 19 22 23 23 23 23 
256 15
25 21 19 18 17 15 14 12 8 7 6 4 3 2 1 
2 2 3 8 9 9 10 10 13 13 15 17 21 23 25 
57 12
25 24 20 19 18 17 16 12 11 7 6 5 
3 7 8 11 12 12 13 14 15 20 23 23 
16 14
25 24 23 20 18 17 16 12 11 7 6 5 3 1 
2 4 5 5 10 11 14 15 16 16 18 18 20 22 
222 10
24 21 20 18 17 13 11 6 4 1 
1 1 2 6 6 7 15 17 19 20 
6 8
21 20 18 16 13 12 10 8 
9 13 13 17 21 22 23 25 
174 8
23 22 16 11 9 7 6 5 
2 10 12 16 17 18 23 24 
131 5
24 22 17 9 2 
10 17 23 23 24 
353 5
24 22 13 10 7 
2 7 17 20 24 
299 19
25 24 23 21 20 19 18 16 15 14 13 12 11 10 8 5 4 3 2 
1 1 3 7 7 9 10 12 12 12 12 13 15 16 16 19 21 22 24 
36 6
20 19 15 9 4 1 
3 4 9 13 17 19 
307 9
23 19 17 14 13 12 10 6 1 
1 9 9 11 11 16 19 20 25 
269 9
24 22 20 19 17 13 11 8 2 
1 2 4 6 10 17 19 21 25 
275 11
25 24 22 18 17 13 12 8 7 4 3 
2 5 7 9 10 16 17 20 21 22 24 
207 10
23 21 19 15 12 8 7 6 4 2 
1 3 7 8 12 15 21 23 25 25 
241 6
25 24 23 19 17 12 
1 10 16 16 22 23 
276 18
25 24 23 21 18 17 15 14 12 10 9 8 7 6 5 4 2 1 
1 1 2 2 6 9 10 10 10 10 11 15 19 19 19 22 23 24 
72 9
25 20 19 16 14 6 3 2 1 
5 7 9 14 16 17 17 17 19 
387 9
24 22 21 20 18 16 14 12 10 
2 7 8 9 9 11 13 16 22 
381 18
23 22 21 19 18 16 15 13 12 11 9 8 7 6 5 4 3 2 
2 3 4 4 4 8 11 16 16 18 18 19 20 23 23 25 25 25 
284 14
23 19 18 16 15 13 12 11 9 8 7 6 5 2 
1 5 6 8 9 9 11 15 20 20 20 21 23 24 
53 17
25 24 20 19 16 15 14 13 12 11 10 8 7 5 4 3 2 
2 3 4 6 6 6 6 6 11 14 15 17 20 21 21 23 23 
59 14
25 23 21 18 17 14 12 11 10 6 5 4 2 1 
3 6 6 6 8 8 10 11 12 14 14 16 17 25 
209 7
23 21 20 19 15 6 4 
4 4 7 8 14 15 25 
108 8
20 19 18 16 15 14 9 5 
2 9 12 12 17 18 19 21 
5 13
25 24 23 19 16 14 13 10 8 6 4 2 1 
1 1 2 4 6 7 9 12 13 16 21 22 24 
111 8
24 23 14 13 12 8 7 6 
1 8 14 14 17 23 24 24 
257 16
23 22 19 18 17 16 15 11 10 9 8 7 6 5 2 1 
1 1 2 3 4 5 9 12 16 17 18 18 21 23 23 24 
270 18
25 24 23 22 20 18 17 14 13 12 11 10 9 7 5 4 3 1 
2 4 4 4 5 7 8 8 8 10 12 14 14 15 16 20 21 21 
131 7
20 18 15 10 8 5 4 
9 11 11 11 12 13 20 
95 5
20 17 13 7 3 
1 2 4 11 11 
201 17
25 24 23 22 21 19 17 16 13 12 11 10 9 6 3 2 1 
1 2 4 7 13 14 16 18 18 18 19 21 21 23 24 24 25 
50 12
25 24 21 20 17 11 9 8 6 5 4 3 
2 2 5 5 7 12 16 17 17 20 22 25 
0 5
25 24 18 14 2 
7 11 15 18 19 
182 7
20 19 15 9 6 3 2 
2 7 11 15 17 17 25 
17 17
21 19 18 16 15 14 13 12 10 9 8 7 6 5 4 3 1 
3 4 4 5 9 11 12 13 14 14 14 15 15 16 19 20 20 
206 5
24 23 19 15 3 
4 10 12 13 20 
135 5
23 19 9 6 5 
11 14 19 22 23 
338 18
25 23 21 20 18 17 16 15 14 13 12 11 10 9 5 3 2 1 
4 4 6 7 7 9 10 10 11 13 15 15 17 19 19 21 21 21 
359 5
17 14 12 7 2 
6 8 15 17 19 
152 16
24 23 22 20 19 18 17 15 14 13 12 11 6 5 4 2 
1 3 6 10 10 10 12 13 15 16 18 21 22 24 25 25 
271 12
25 22 21 20 19 17 14 12 9 8 7 1 
1 4 4 5 6 12 13 16 16 20 23 24 
225 16
25 24 22 20 17 14 13 12 11 10 9 8 7 6 3 2 
3 3 4 5 8 14 15 15 16 17 19 19 20 23 24 24 
326 19
25 23 22 21 20 19 18 17 15 14 13 9 8 7 6 5 4 2 1 
2 3 5 5 6 6 7 10 10 11 11 14 15 17 19 20 22 23 23 
38 13
23 22 19 16 14 13 10 9 8 5 4 3 2 
1 8 8 9 9 10 12 14 17 18 20 21 23 
72 9
23 21 19 12 10 9 8 2 1 
4 7 12 12 13 15 16 17 19 
307 9
24 19 16 15 12 10 6 2 1 
1 4 7 16 17 18 19 24 25 
373 9
25 24 23 19 15 13 8 7 4 
3 7 12 15 20 21 25 25 25 
112 14
25 23 20 18 17 16 15 14 12 8 7 4 3 2 
2 3 5 6 7 8 10 11 14 18 18 21 21 24 
108 18
25 24 23 22 21 20 19 18 17 16 15 14 10 9 8 6 3 1 
1 1 3 3 5 6 6 7 14 16 18 20 20 21 21 22 23 23 
168 18
25 24 23 22 21 20 17 15 14 13 11 10 9 7 5 4 2 1 
3 6 8 9 11 11 12 12 12 14 15 16 18 22 22 23 24 25 
122 19
24 23 22 21 20 19 18 17 16 15 14 12 11 9 8 6 3 2 1 
1 2 2 3 4 8 9 10 11 13 14 15 17 17 19 22 22 23 24 
167 15
23 21 20 19 18 17 15 12 11 8 7 6 5 4 3 
2 2 5 7 9 13 14 14 16 17 19 20 23 25 25 
237 6
22 15 12 7 6 5 
3 5 8 8 12 18 
180 5
17 16 15 6 2 
3 11 11 15 17 
386 5
25 15 7 5 1 
5 8 11 19 21 
145 8
24 23 19 18 15 9 7 4 
1 6 11 12 13 20 22 24 
339 19
25 24 23 22 21 20 19 16 14 13 12 11 10 9 8 7 4 3 1 
1 1 1 2 5 6 8 9 10 11 12 13 14 18 19 20 22 24 25 
106 11
24 23 22 21 18 17 10 9 7 4 3 
2 4 5 7 8 11 11 13 17 18 22 
48 13
25 24 21 20 17 16 12 10 9 5 3 2 1 
10 11 11 14 15 16 19 20 20 22 22 22 23 
311 14
25 22 21 20 19 15 12 10 8 7 6 3 2 1 
2 7 9 11 12 13 16 18 18 21 21 24 25 25 
129 8
24 23 22 21 13 9 2 1 
2 6 11 13 18 19 22 22 
68 14
24 21 20 19 14 12 10 9 8 6 5 4 2 1 
2 7 7 9 9 13 14 16 16 18 21 21 22 23 
328 11
25 23 22 18 17 13 10 8 6 3 1 
1 1 2 5 7 9 10 11 15 23 24 
30 14
23 21 20 19 18 17 13 12 10 9 7 3 2 1 
1 3 4 9 11 12 13 13 14 23 23 23 24 25 
243 14
25 23 22 20 19 15 13 10 8 6 5 4 2 1 
1 2 2 3 5 7 8 10 11 13 17 18 20 21 
358 15
24 23 22 21 20 19 18 16 14 13 11 9 6 4 1 
4 6 6 13 13 17 17 18 18 19 19 20 20 23 25 
272 6
21 16 14 6 3 2 
1 3 8 9 15 21 
197 12
25 22 19 18 17 14 11 9 6 5 2 1 
1 9 10 11 13 14 18 18 20 21 21 22 
273 19
23 22 21 20 19 18 17 16 15 14 13 12 11 10 9 5 3 2 1 
2 3 4 5 6 7 8 11 12 12 14 14 15 15 15 17 17 20 22 
128 18
25 23 22 21 20 19 17 16 15 14 13 11 9 8 7 6 3 1 
1 2 2 3 6 7 8 9 10 11 12 13 15 16 17 18 23 23 
63 11
22 21 18 17 15 11 7 6 5 4 3 
1 4 6 7 7 10 16 18 19 21 25 
356 14
25 24 22 21 18 16 14 13 7 6 4 3 2 1 
2 3 3 7 7 8 8 14 14 15 17 19 20 25 
154 10
23 22 19 18 17 14 13 10 6 1 
1 1 4 12 17 19 21 24 24 25 
298 16
21 18 17 16 14 11 10 9 8 7 6 5 4 3 2 1 
1 1 2 5 8 9 9 9 11 12 13 15 21 23 25 25 
88 5
16 9 6 5 2 
5 7 15 17 20 
303 5
14 9 3 2 1 
5 10 16 19 20 
216 16
25 23 22 19 18 16 12 10 9 7 6 5 4 3 2 1 
1 3 5 7 9 15 18 18 18 18 18 19 19 23 24 25 
363 17
24 23 21 20 19 17 16 14 13 11 10 8 7 6 5 4 3 
5 7 7 7 13 13 14 14 14 16 17 18 19 19 21 24 25 
343 13
23 22 21 18 15 14 12 11 9 7 6 4 1 
1 3 6 6 8 10 11 14 20 21 22 24 25 
67 12
23 22 21 19 17 16 14 9 7 6 3 2 
5 6 6 7 7 8 9 12 13 14 16 16 
353 17
25 23 22 20 18 17 14 13 12 11 9 8 7 6 5 4 1 
1 2 4 4 6 7 11 12 19 20 20 22 23 23 24 24 25 
158 7
21 18 16 15 14 11 4 
6 7 9 10 17 18 18 
169 12
25 22 20 19 17 16 15 13 9 8 7 3 
1 1 3 5 9 9 10 12 12 12 13 17 
293 5
23 19 17 14 12 
4 16 22 23 25 
354 6
25 16 13 9 6 1 
2 8 13 16 17 20 
296 17
25 24 23 20 19 18 17 16 15 12 11 10 8 6 5 4 1 
1 2 3 3 3 4 5 5 6 9 12 14 15 19 20 23 23 
290 15
25 23 19 18 16 15 14 13 12 11 10 6 4 3 2 
1 7 9 10 10 11 13 14 14 14 16 19 19 19 22 
225 10
24 23 22 20 17 14 13 12 6 2 
1 6 7 11 15 17 18 18 21 24 
82 11
23 22 20 17 14 13 11 8 4 3 1 
2 3 3 4 11 16 17 19 21 22 24 
133 11
25 23 22 18 16 15 14 13 9 8 4 
2 5 5 8 11 14 16 16 21 24 25 
310 10
24 23 22 21 20 17 16 14 12 9 
6 14 15 15 18 18 20 21 21 22 
346 6
24 21 15 11 9 3 
2 3 11 12 19 23 
189 18
25 24 23 22 21 20 19 18 16 15 14 13 12 11 10 9 7 3 
2 2 4 5 6 10 10 11 12 13 13 14 16 18 20 22 23 24 
222 5
25 14 11 10 7 
1 9 18 23 25 
36 10
25 24 21 19 18 15 14 13 7 6 
5 6 6 6 12 13 16 18 24 24 
220 16
24 22 20 18 17 15 14 11 10 8 7 6 5 3 2 1 
1 4 5 5 7 9 11 12 12 14 18 19 20 23 24 25 
255 16
25 24 18 17 15 13 11 10 9 8 7 6 5 4 3 2 
1 1 2 4 7 7 9 11 13 13 16 17 20 21 23 24 
359 8
22 19 13 10 9 6 5 1 
8 9 16 16 16 21 23 24 
112 15
25 24 23 22 20 19 18 15 13 12 10 8 6 5 1 
1 4 7 10 12 12 13 14 14 15 17 18 23 24 25 
27 5
17 11 4 3 2 
7 8 8 13 16 
384 17
23 21 20 19 18 17 15 14 11 10 9 8 7 6 4 3 1 
1 1 2 4 5 5 5 12 12 15 15 19 20 20 22 23 23 
268 5
23 22 8 4 1 
1 4 5 9 17 
264 15
25 24 22 18 17 16 15 14 12 10 9 8 5 4 2 
2 2 5 5 6 10 14 17 17 18 18 19 20 21 22 
299 14
22 20 18 17 16 12 10 9 7 6 4 3 2 1 
2 2 4 4 7 9 9 11 11 13 20 22 23 25 
394 14
25 24 21 20 17 16 13 12 10 9 8 7 4 1 
1 3 3 4 7 8 8 9 10 11 12 13 18 18 
282 12
24 22 21 18 12 11 8 6 5 3 2 1 
1 3 5 6 7 9 12 15 15 15 20 23 
241 14
22 21 19 17 15 14 13 12 11 10 9 7 5 1 
5 7 9 10 15 16 18 19 20 20 21 22 22 23 
369 17
25 24 23 22 21 20 18 16 12 11 10 9 7 6 5 3 1 
1 3 4 5 6 6 6 7 8 10 11 13 16 18 20 22 23 
276 11
22 20 18 17 13 9 8 7 6 5 3 
1 1 5 5 6 10 11 14 21 23 25 
336 12
25 23 19 17 15 10 9 8 6 5 4 2 
1 6 10 10 10 11 14 15 17 20 22 23 
104 14
24 23 22 21 20 19 16 12 11 10 7 5 3 1 
3 5 6 6 8 9 13 15 17 19 21 23 24 25 
377 18
24 20 18 16 15 14 13 12 11 10 8 7 6 5 4 3 2 1 
2 3 4 4 4 7 8 8 10 10 10 13 15 18 19 19 22 22 
27 15
25 24 23 21 19 18 17 14 12 11 10 8 7 6 5 
2 3 9 12 13 13 14 15 17 21 23 23 23 24 25 
290 14
25 19 17 16 15 14 13 11 10 9 8 7 5 2 
1 3 4 4 6 7 8 10 11 15 16 20 24 25 
5 6
23 18 15 12 11 5 
9 14 20 21 21 21 
298 15
23 22 21 20 19 17 16 15 13 11 9 5 4 3 1 
3 3 3 6 7 12 14 16 19 19 20 22 23 24 25 
277 18
24 23 20 19 18 17 16 15 14 13 12 11 10 8 7 5 4 1 
2 3 3 5 6 7 14 15 15 15 18 19 20 22 22 24 24 25 
366 7
25 20 19 18 14 13 6 
3 10 10 16 16 17 24 
12 17
25 23 22 21 20 18 15 14 11 9 8 6 5 4 3 2 1 
7 8 8 10 10 11 11 11 15 15 16 16 16 19 21 21 24 
156 16
20 19 18 15 13 12 11 10 9 7 6 5 4 3 2 1 
1 3 6 6 8 12 13 14 16 18 19 20 22 23 24 25 
299 16
24 22 21 20 18 17 16 15 12 11 8 7 6 5 2 1 
2 6 8 8 13 14 18 18 18 21 21 21 21 23 24 25 
382 14
24 23 20 19 18 16 14 10 9 6 4 3 2 1 
3 5 6 6 7 7 9 10 15 15 17 22 24 24 
388 11
25 24 22 19 18 14 12 11 7 6 4 
1 3 9 10 11 13 16 17 18 19 25 
84 7
22 21 19 17 16 6 3 
1 4 6 7 9 16 20 
125 18
25 24 23 21 20 19 18 17 16 15 13 10 8 7 5 3 2 1 
3 3 4 5 5 5 10 10 12 13 15 17 19 19 20 22 22 23 
47 8
23 16 14 13 9 7 3 1 
1 10 11 11 12 13 20 24 
279 11
25 24 21 20 19 15 13 11 10 9 2 
1 2 3 3 8 12 12 13 13 15 22 
361 13
24 23 18 17 15 14 11 9 7 6 4 3 2 
3 3 4 4 5 6 10 12 14 14 21 23 25 
162 11
20 19 18 16 14 13 12 10 7 5 3 
3 10 16 16 19 20 20 20 21 21 23 
210 13
25 24 23 19 13 12 11 8 7 6 4 2 1 
2 2 4 7 7 8 9 11 17 19 22 23 23 
273 9
25 24 23 20 17 15 9 7 3 
9 12 12 12 15 17 18 19 22 
132 10
25 21 18 17 16 13 12 7 6 4 
4 4 4 10 11 11 12 14 16 18 
221 11
23 22 20 19 17 12 11 6 4 2 1 
2 5 7 9 11 15 18 18 20 20 21 
308 19
24 23 22 21 20 19 18 17 16 15 14 11 9 8 6 5 4 3 2 
1 1 4 8 9 9 9 13 14 17 19 21 22 22 23 24 25 25 25 
252 10
25 24 23 20 14 13 12 4 3 1 
6 8 9 9 9 11 12 17 20 24 
237 6
20 19 17 16 10 1 
7 8 23 23 24 25 
2 12
24 22 21 20 19 18 15 12 11 9 7 5 
1 3 3 5 12 14 18 18 22 23 24 25 
284 13
24 21 19 18 17 16 15 14 11 10 9 3 2 
3 4 5 8 9 10 13 17 18 20 22 23 24 
382 10
23 22 21 15 14 13 11 10 6 2 
1 4 4 5 7 7 9 10 19 25 
362 11
24 23 22 20 13 10 7 6 4 3 1 
3 3 4 8 12 12 15 20 22 23 24 
101 12
25 24 21 20 10 7 6 5 4 3 2 1 
5 7 7 8 11 14 18 19 19 19 20 24 
193 16
25 24 22 21 20 19 18 17 16 15 14 13 12 8 7 4 
1 1 1 2 4 5 5 14 14 15 16 16 18 21 23 25 
48 18
25 24 23 22 21 20 19 17 15 12 11 9 8 7 6 3 2 1 
1 6 6 6 7 8 9 10 11 14 15 19 20 21 21 23 25 25 
254 10
24 20 19 15 13 11 9 3 2 1 
1 2 4 5 6 7 16 16 19 22 
278 10
25 21 20 18 13 6 5 4 2 1 
1 1 2 7 11 11 13 14 17 20 
108 17
25 24 23 22 20 19 18 17 16 15 14 12 11 7 6 4 3 
1 3 3 3 4 5 6 7 9 10 12 12 15 19 20 23 24 
33 6
21 17 15 5 2 1 
5 8 10 14 15 18 
367 18
25 23 22 20 19 18 17 16 15 14 12 10 9 8 7 6 4 3 
4 5 6 7 8 9 10 11 11 12 12 12 13 14 17 19 21 21 
6 5
15 12 9 6 4 
2 5 9 12 17 
256 11
22 21 19 17 15 13 12 9 8 6 1 
1 3 7 8 10 12 18 22 22 22 24 
8 8
24 20 19 16 15 14 5 3 
7 8 9 11 13 18 19 21 
187 5
25 19 18 12 7 
6 9 13 13 15 
206 16
25 22 20 19 17 16 15 14 13 11 10 9 8 5 4 2 
1 2 2 3 5 5 7 9 11 13 14 15 16 19 19 24 
281 15
25 24 22 21 20 18 17 16 14 13 11 8 5 4 2 
1 3 4 5 7 9 13 14 14 15 18 19 21 23 23 
263 18
25 24 21 20 18 17 16 15 14 13 12 10 9 8 6 5 2 1 
2 7 8 8 9 10 10 11 11 13 14 16 17 17 19 21 21 23 
65 6
21 18 15 10 7 6 
2 8 10 10 18 25 
380 15
25 21 20 19 18 16 14 12 11 8 7 6 3 2 1 
1 2 2 3 4 5 11 11 13 16 18 21 23 24 25 
335 17
25 24 23 21 20 18 17 16 14 13 12 11 9 8 5 4 2 
1 2 3 3 4 8 9 9 9 15 16 16 17 19 20 23 25 
105 10
25 23 22 20 16 13 12 7 5 2 
4 8 10 13 14 14 16 20 23 24 
60 12
22 20 18 17 16 11 9 8 7 5 3 1 
2 5 5 8 10 11 12 13 13 16 19 23 
183 11
24 23 18 17 15 11 8 7 6 5 3 
1 1 2 3 4 4 7 8 10 22 22 
271 8
24 20 16 15 12 11 10 8 
1 2 8 10 13 15 20 25 
352 16
25 24 21 20 18 17 15 14 13 12 10 9 8 6 4 2 
1 3 5 8 8 9 11 13 13 14 15 18 20 22 24 25 
211 9
24 23 22 19 18 11 9 5 1 
7 8 13 16 17 22 22 23 24 
3 9
22 18 17 14 11 10 5 4 1 
5 8 8 15 18 18 19 21 22 
252 13
24 21 20 19 16 15 11 10 8 5 4 2 1 
2 2 4 4 8 10 11 11 18 20 20 24 25 
7 14
24 23 22 21 20 18 17 12 11 10 7 3 2 1 
1 4 4 4 5 6 9 11 13 15 16 20 20 21 
293 12
23 19 18 16 14 13 9 8 6 5 4 1 
2 3 5 6 8 9 10 12 13 18 22 25 
135 7
24 23 22 20 15 12 4 
1 4 9 12 15 17 23 
150 17
25 24 23 22 19 18 17 16 15 14 13 12 8 7 6 5 4 
1 1 4 4 6 8 9 11 13 13 15 17 18 18 19 23 25 
349 7
24 20 18 10 9 5 2 
3 5 5 6 8 9 21 
165 11
24 22 20 19 17 12 10 8 5 4 2 
2 3 6 6 9 14 17 18 19 20 25 
45 6
20 18 15 11 9 6 
2 9 11 16 21 23 
287 13
22 20 19 18 17 16 15 12 11 7 6 5 3 
2 5 5 7 9 10 11 12 16 20 20 21 23 
174 18
25 23 22 21 19 17 16 15 14 13 10 9 7 6 5 4 3 2 
4 6 6 8 9 11 12 13 13 13 15 16 17 17 21 24 25 25 
312 8
25 20 18 15 8 6 4 1 
1 5 7 8 12 16 23 24 
300 13
25 24 23 22 20 19 18 14 10 7 4 3 2 
1 3 3 5 6 9 11 15 16 20 22 23 24 
369 11
22 21 19 17 16 12 9 7 6 5 2 
4 8 9 10 12 16 17 19 20 24 24 
59 10
24 19 17 14 11 9 6 3 2 1 
4 5 7 12 16 21 21 22 22 23 
279 10
22 21 20 15 14 11 8 6 4 3 
3 4 6 6 7 14 21 22 22 23 
217 17
24 23 21 20 19 18 17 16 14 11 10 8 6 5 4 3 1 
2 2 3 5 6 7 9 11 12 13 14 15 17 17 19 19 23 
257 16
23 22 19 17 16 14 13 12 11 10 6 5 4 3 2 1 
2 5 5 9 10 14 15 17 18 19 19 21 22 23 23 25 
244 12
25 23 22 20 19 18 16 14 13 7 6 4 
1 6 9 9 12 13 17 21 22 23 24 25 
5 18
25 24 22 21 20 18 17 16 13 12 10 8 6 5 4 3 2 1 
1 2 3 5 5 7 8 10 13 13 15 16 16 16 18 20 24 24 
243 17
24 23 22 20 19 18 14 11 10 8 7 6 5 4 3 2 1 
4 4 6 7 7 12 13 14 14 16 19 19 19 19 21 21 22 
149 15
24 23 22 21 20 18 16 13 12 11 10 6 3 2 1 
2 10 10 11 12 14 17 20 21 21 22 23 24 24 25 
218 13
25 24 19 18 16 14 13 11 9 8 6 3 2 
1 6 8 10 11 18 21 21 21 22 23 23 25 
9 6
23 21 15 13 3 2 
1 9 13 18 19 25 
293 7
20 19 17 7 4 2 1 
4 5 12 14 16 16 20 
218 17
25 23 22 21 19 18 16 15 13 10 8 7 6 5 3 2 1 
1 1 1 5 8 9 10 10 11 13 16 16 16 19 20 22 23 
189 11
25 24 22 19 18 17 15 12 9 2 1 
1 2 4 5 5 8 9 9 12 17 20 
188 13
25 24 23 17 16 13 11 9 6 5 4 2 1 
5 5 5 6 8 14 14 15 17 17 18 20 25 
153 19
25 24 23 22 20 18 17 16 15 14 12 11 10 9 8 6 5 4 3 
3 3 3 4 4 5 6 7 7 8 9 14 16 18 19 19 20 20 21 
113 19
24 22 21 20 19 18 16 15 14 13 12 11 10 7 6 5 4 3 1 
1 3 4 5 7 7 8 9 10 11 11 11 11 12 13 17 19 19 19 
254 10
25 20 18 16 11 6 5 4 3 2 
2 4 5 16 17 17 22 22 23 24 
167 8
22 18 17 15 13 12 6 2 
1 4 5 5 6 8 12 22 
103 8
23 17 16 13 7 6 4 2 
7 8 14 15 16 20 22 24 
192 7
24 21 12 11 7 6 1 
1 2 5 14 15 20 21 
279 13
25 22 19 18 17 15 13 11 9 8 6 5 4 
2 3 7 7 8 13 15 17 17 18 19 23 25 
160 8
22 21 20 15 12 8 5 1 
2 4 5 10 19 19 21 23 
0 8
21 20 19 17 16 13 8 5 
5 14 14 17 19 24 25 25 
219 14
25 24 21 17 15 14 13 12 9 7 6 4 3 1 
1 2 2 5 6 9 9 11 14 20 20 24 24 25 
108 18
25 23 22 20 18 15 14 13 12 11 9 8 7 6 5 4 3 2 
1 2 2 2 3 6 6 9 11 12 13 14 15 17 17 17 19 19 
87 5
21 11 9 7 4 
5 11 11 12 15 
257 5
25 8 7 4 2 
11 16 17 18 25 
171 10
24 23 20 16 12 7 6 4 3 1 
1 1 5 13 20 21 21 24 25 25 
268 12
24 20 19 17 15 14 13 9 7 6 3 2 
2 4 7 9 17 18 19 19 19 19 20 23 
17 7
21 17 14 11 10 8 3 
4 8 10 14 14 14 15 
250 18
25 24 22 20 19 18 16 15 14 13 10 9 7 5 4 3 2 1 
1 1 2 2 4 5 8 10 11 14 15 18 19 19 19 21 23 25 
39 8
23 21 17 16 10 9 7 2 
4 6 13 20 21 21 23 23 
68 9
23 22 18 16 14 12 11 9 1 
10 11 12 14 15 16 17 23 24 
95 17
25 23 22 20 19 17 16 15 14 12 10 8 6 5 4 2 1 
4 5 5 8 8 9 10 12 12 15 17 18 20 21 22 22 23 
89 12
24 23 21 20 17 13 12 10 8 7 5 3 
1 2 7 8 14 14 14 16 16 22 24 25 
277 7
24 20 15 6 4 3 1 
1 2 4 4 4 10 14 
180 10
25 23 20 16 11 10 9 7 4 1 
5 7 12 12 20 20 20 20 22 25 
358 19
25 23 22 21 20 19 18 16 15 14 13 12 10 8 6 4 3 2 1 
2 2 4 5 11 12 12 13 14 16 16 16 17 19 19 19 20 21 21 
239 8
22 16 14 10 8 5 4 2 
8 8 9 20 23 23 23 24 
249 17
25 24 22 21 20 16 15 14 13 12 10 9 8 6 4 2 1 
3 3 7 8 8 9 11 12 13 14 15 16 16 21 22 24 25 
28 18
25 24 23 22 21 19 17 16 15 14 13 12 11 10 9 6 4 2 
3 3 4 5 5 8 12 14 15 15 17 18 20 20 20 20 21 24 
283 8
19 18 17 16 11 8 5 4 
5 6 9 11 18 20 20 22 
328 11
24 21 19 17 14 13 10 9 8 7 4 
1 3 5 7 8 8 8 15 18 18 24 
225 19
25 24 23 22 21 20 19 18 16 14 13 12 10 9 7 6 5 4 3 
4 4 8 9 10 10 12 14 15 17 18 20 20 20 20 20 20 24 25 
277 10
22 21 20 19 18 14 11 10 5 3 
1 4 5 7 9 12 14 14 21 24 
128 6
19 17 14 12 7 5 
2 2 6 7 7 8 
16 19
25 21 20 19 18 17 15 14 13 11 10 9 8 7 6 5 4 3 1 
2 2 4 6 6 6 7 7 9 9 10 11 12 17 21 22 23 23 23 
257 17
25 24 22 21 19 17 16 15 14 13 12 11 10 8 5 4 2 
2 5 6 9 9 9 11 13 14 14 14 14 15 18 19 23 23 
71 5
22 18 15 8 5 
5 9 12 21 22 
374 8
23 22 19 16 13 10 7 4 
5 6 7 8 19 22 23 25 
389 10
25 23 20 17 11 7 6 5 4 1 
1 4 5 9 12 16 19 19 20 20 
86 18
24 21 20 19 18 17 16 15 14 13 12 11 10 9 6 5 4 3 
1 1 4 8 10 11 12 12 12 13 14 15 17 19 22 23 24 25 
111 19
24 23 22 21 19 17 16 15 14 11 10 8 7 6 5 4 3 2 1 
3 3 4 4 8 9 12 12 13 15 16 17 19 19 21 24 25 25 25 
36 12
24 23 17 16 13 11 8 7 6 5 4 3 
2 8 10 10 15 16 17 17 20 22 22 24 
375 10
22 20 19 18 17 15 14 7 3 2 
3 6 7 10 17 18 19 23 24 25 
251 13
25 24 23 21 19 15 14 11 10 5 4 2 1 
1 1 3 4 7 11 15 18 19 19 21 23 25 
105 7
24 23 18 17 9 6 3 
13 14 15 16 18 19 23 
119 19
25 23 21 20 18 16 15 14 12 11 10 9 8 7 6 5 3 2 1 
2 4 4 7 8 9 9 10 11 13 16 17 19 19 20 24 25 25 25 
122 5
23 16 15 12 7 
1 10 10 13 22 
252 15
25 23 21 20 18 17 15 14 12 9 8 7 4 3 1 
1 2 3 5 6 6 7 8 12 12 13 15 17 19 23 
365 16
25 24 23 22 20 19 18 16 14 13 10 9 8 7 5 4 
3 4 5 5 6 7 8 12 12 13 14 15 19 23 24 25 
311 10
25 19 17 13 9 7 6 5 3 2 
2 5 5 14 17 18 21 22 24 24 
292 13
25 22 20 18 17 16 12 10 8 6 5 4 1 
1 2 4 4 8 10 15 16 16 18 19 20 21 
210 11
23 22 20 16 15 12 11 8 7 5 4 
2 3 8 10 12 12 12 13 15 17 20 
106 7
24 20 18 10 7 6 2 
1 10 10 11 16 17 18 
303 15
25 23 22 18 17 16 13 12 10 9 7 6 3 2 1 
1 4 4 5 5 7 8 10 13 14 15 16 17 20 21 
3 17
25 24 23 22 21 20 18 17 16 12 10 9 8 7 4 3 2 
1 2 3 5 7 8 8 8 9 14 14 15 15 17 19 20 22 
231 13
24 22 21 20 18 17 16 10 9 6 3 2 1 
2 3 5 6 6 7 9 10 12 16 21 22 23 
200 11
24 21 20 19 17 12 10 9 6 3 2 
1 2 3 12 13 15 16 18 21 21 21 
267 17
25 23 22 20 19 18 14 13 11 10 9 8 6 5 4 3 2 
1 2 4 7 12 12 15 15 16 16 18 22 23 23 23 24 25 
27 18
24 23 20 19 18 17 16 14 13 12 11 10 9 8 7 4 3 1 
1 4 4 5 6 6 7 7 9 11 11 12 13 15 16 18 23 24 
184 18
25 22 20 18 17 16 15 13 11 10 9 8 7 6 5 3 2 1 
2 4 7 8 9 9 9 10 11 13 14 14 16 18 18 18 23 24 
111 18
25 23 22 21 20 17 16 15 14 12 11 9 7 6 5 3 2 1 
3 4 5 5 5 5 6 11 11 13 16 18 19 20 22 22 23 24 
111 12
23 22 20 18 16 15 14 13 11 10 5 3 
1 3 3 6 10 11 15 19 19 22 22 25 
312 9
19 16 13 10 9 7 6 3 1 
1 1 2 8 18 18 20 22 24 
35 15
23 22 19 18 17 16 15 12 11 10 7 5 4 3 2 
1 3 3 5 6 6 8 9 10 12 18 21 22 24 25 
304 9
22 21 18 12 10 8 7 3 1 
3 3 9 12 16 19 19 20 21 
196 13
25 23 22 21 19 18 14 13 12 8 6 3 1 
2 4 5 5 9 11 14 14 14 14 17 18 23 
251 9
24 22 21 14 11 6 4 3 1 
4 6 8 10 12 14 16 17 24 
319 17
25 23 22 21 20 19 18 17 14 13 12 11 10 9 4 3 1 
2 3 6 14 14 14 15 16 17 18 18 19 19 20 23 24 25 
19 18
25 24 21 18 17 14 13 12 11 10 9 8 7 6 5 3 2 1 
1 2 6 13 14 14 15 15 15 16 17 20 21 21 22 22 23 24 
3 9
21 19 18 16 12 11 6 5 4 
12 13 14 15 17 19 21 21 23 
6 12
25 21 19 18 15 13 12 10 9 8 5 3 
4 6 8 12 15 18 19 21 21 23 23 24 
128 15
24 23 20 19 16 15 11 10 9 8 6 4 3 2 1 
2 4 4 6 8 8 11 13 15 18 18 21 21 23 23 
230 5
20 18 10 5 1 
8 11 13 20 21 
131 13
25 23 22 21 18 15 14 13 11 10 9 6 4 
3 6 6 11 12 13 15 17 18 18 18 20 20 
340 19
24 22 21 20 19 16 15 14 13 12 10 9 8 6 5 4 3 2 1 
1 2 5 5 6 7 9 10 12 12 13 14 15 18 18 22 22 23 25 
278 5
15 9 8 6 4 
1 10 18 19 22 
5 5
20 13 11 10 4 
2 11 18 23 25 
278 8
22 18 17 9 8 7 4 1 
11 12 13 16 17 19 23 23 
108 13
25 20 19 17 15 13 12 11 10 6 5 4 2 
3 4 4 6 7 7 7 13 17 17 24 24 24 
203 18
25 24 22 20 19 18 17 15 14 12 11 9 8 7 6 4 2 1 
6 8 9 11 11 14 16 16 16 16 17 17 19 19 20 21 22 25 
213 6
22 21 16 14 12 1 
4 9 13 14 17 18 
145 7
22 20 16 13 7 5 2 
1 5 11 13 19 22 24 
211 7
24 19 17 15 14 10 9 
1 2 4 5 10 15 15 
175 6
24 18 16 15 12 6 
2 3 8 14 20 23 
171 17
25 23 21 20 19 17 16 15 13 12 11 8 7 6 5 2 1 
1 2 4 5 5 7 8 11 11 16 18 18 20 21 23 24 25 
373 13
24 23 16 15 14 13 12 9 8 7 6 4 2 
2 2 3 3 4 8 9 17 18 20 22 22 23 
319 5
14 11 9 3 1 
6 6 7 7 16 
389 5
22 10 6 5 3 
3 9 12 20 24 
195 7
25 21 20 12 11 9 3 
1 3 6 8 11 20 23 
254 15
25 22 21 19 18 17 13 12 11 10 6 5 4 2 1 
2 2 3 4 5 5 6 7 11 15 18 18 19 19 24 
296 13
23 21 20 18 16 15 14 12 11 10 8 5 4 
2 4 5 7 8 12 12 12 12 16 16 20 21 
232 5
25 22 21 19 7 
6 11 14 17 24 
262 10
23 22 20 16 14 13 11 7 3 2 
1 3 7 8 12 21 21 22 24 25 
97 17
25 24 23 22 20 19 18 16 12 11 9 8 7 5 4 3 2 
1 2 4 4 6 7 7 9 12 13 14 16 17 17 19 23 25 
24 8
24 22 17 14 11 7 2 1 
2 6 6 10 11 20 23 23 
131 12
22 21 20 18 14 10 6 5 4 3 2 1 
5 6 9 9 11 12 13 15 15 16 21 22 
205 19
25 24 22 21 20 19 18 17 16 15 14 13 12 11 10 9 6 5 2 
1 1 3 6 8 8 10 11 12 14 17 17 18 18 19 25 25 25 25 
125 17
21 20 19 18 17 14 13 12 11 9 8 7 6 4 3 2 1 
3 3 6 9 9 10 11 14 15 20 21 23 23 23 24 25 25 
282 16
23 22 21 20 19 18 17 14 12 11 10 7 6 4 2 1 
1 6 11 12 13 14 14 14 15 16 16 17 17 20 24 25 
325 17
25 24 23 21 20 18 17 16 15 12 10 8 7 6 5 4 3 
1 1 3 4 8 8 11 12 17 18 18 19 19 20 23 24 24 
136 15
25 23 21 19 18 17 16 15 14 13 12 11 9 8 7 
2 2 3 7 9 9 10 18 20 20 22 22 23 23 24 
33 19
25 23 22 19 17 16 15 14 13 11 10 9 8 7 6 4 3 2 1 
3 3 4 7 8 8 12 12 12 13 14 15 15 15 16 17 20 22 23 
365 13
25 22 18 17 16 15 13 12 9 7 5 2 1 
4 5 6 6 7 10 10 11 12 17 19 24 25 
26 17
25 24 23 21 19 18 16 14 13 12 10 9 7 6 4 2 1 
1 3 4 5 7 8 9 13 14 15 15 16 20 24 24 25 25 
379 17
25 24 22 21 20 19 18 17 16 13 12 11 7 6 3 2 1 
2 8 8 9 10 10 10 10 11 15 15 17 17 17 17 19 20 
298 17
25 22 21 20 19 17 16 15 13 12 11 10 9 8 5 2 1 
1 3 7 8 10 10 12 13 14 17 17 18 19 19 20 23 24 
44 10
21 20 19 17 16 15 14 11 7 1 
1 3 4 5 6 13 17 18 19 22 
160 11
25 24 21 20 19 18 13 9 8 7 4 
2 5 7 9 17 17 17 19 20 22 25 
30 18
24 23 22 21 20 19 18 17 16 15 14 13 12 9 7 5 4 2 
1 3 4 4 5 6 8 9 11 12 16 16 19 19 20 21 22 25 
336 15
25 24 23 19 18 15 14 12 9 7 6 5 4 3 2 
1 4 6 7 8 11 12 14 17 17 17 19 20 20 24 
104 5
19 12 11 9 7 
4 8 10 20 22 
202 16
25 24 22 21 20 19 18 17 16 14 13 10 8 7 6 1 
1 4 5 5 6 7 8 13 14 16 18 18 19 19 20 23 
360 10
25 21 20 18 12 8 6 5 4 2 
2 6 6 9 15 15 22 23 24 25 
393 18
24 23 21 20 18 17 15 14 13 12 11 10 8 7 6 3 2 1 
1 2 2 3 3 5 7 7 10 11 13 15 16 16 18 18 21 23 
369 14
24 23 21 20 19 18 16 11 9 6 5 3 2 1 
1 8 9 10 11 12 12 13 15 16 20 22 23 25 
131 10
25 24 22 20 16 14 4 3 2 1 
1 3 3 9 15 15 20 20 22 24 
149 15
23 20 19 18 17 16 15 14 11 10 8 7 4 3 1 
1 5 7 7 8 10 12 17 19 19 20 22 22 23 23 
189 6
24 23 21 20 14 4 
3 9 14 15 19 24 
202 14
25 22 21 20 19 16 15 14 13 9 8 7 5 2 
3 3 5 10 10 10 12 15 17 18 19 23 23 25 
258 10
20 18 14 12 10 9 7 5 4 3 
2 5 6 8 13 14 14 19 20 22 
317 17
25 21 20 19 18 16 15 14 13 12 11 8 7 6 5 3 1 
1 1 4 7 9 10 10 16 16 16 19 19 20 20 23 24 25 
399 10
22 20 19 18 17 16 13 11 9 4 
13 14 14 16 16 19 20 24 25 25 
365 17
25 23 21 20 19 18 17 16 15 14 13 11 7 6 5 3 2 
2 3 8 8 9 9 10 12 12 15 15 17 19 20 24 24 24 
393 8
25 23 20 19 17 13 5 1 
1 2 8 10 11 16 17 21 
174 10
21 18 17 16 11 10 6 3 2 1 
2 3 9 10 12 12 23 24 25 25 
212 13
22 21 19 18 16 12 11 10 9 8 6 3 1 
1 5 6 8 9 10 10 12 18 18 19 25 25 
243 12
20 18 17 14 12 11 9 7 5 4 2 1 
1 2 7 7 8 10 13 13 16 17 19 22 
280 14
24 22 18 17 15 14 13 8 7 6 5 3 2 1 
1 1 2 4 6 6 8 10 10 11 18 20 25 25 
246 16
25 24 22 21 18 17 15 14 13 11 10 8 7 6 5 1 
2 4 6 7 8 10 11 11 11 12 12 14 17 22 22 25 
279 10
24 17 13 12 11 10 7 4 2 1 
1 1 2 4 11 11 12 13 19 22 
224 17
25 24 23 20 19 18 17 16 15 14 10 8 7 5 4 2 1 
1 4 12 12 13 13 16 18 19 19 20 20 21 21 22 25 25 
23 6
25 23 20 17 9 5 
11 13 13 17 17 19 
344 17
24 21 20 18 17 16 15 13 12 11 10 9 8 7 6 3 1 
1 2 2 4 5 8 8 9 11 12 17 21 21 22 23 25 25 
31 5
23 19 18 10 1 
1 5 5 8 24 
148 17
24 23 22 21 20 19 15 14 13 12 11 9 6 5 4 3 2 
1 2 6 16 16 18 20 20 21 22 22 23 23 23 24 24 25 
129 5
12 11 7 5 4 
1 11 12 13 14 
75 11
24 23 22 21 15 13 11 8 6 5 1 
1 1 2 2 5 12 13 13 23 23 24 
381 17
25 23 22 19 18 17 15 14 13 12 11 8 7 6 5 4 3 
3 4 6 6 10 12 12 14 14 16 16 19 21 22 23 24 24 
151 12
25 24 23 18 17 16 12 10 9 5 4 2 
3 6 7 15 16 16 19 19 20 21 22 24 
95 6
24 18 15 9 8 6 
5 15 20 22 24 25 
326 6
23 17 16 13 10 2 
3 10 13 19 23 25 
197 11
20 19 16 15 14 13 11 9 8 7 3 
5 7 8 9 12 13 18 19 20 23 25 
163 18
25 24 23 20 19 18 17 16 15 14 12 11 10 8 6 5 2 1 
3 4 8 13 13 15 15 16 18 18 18 18 20 21 23 24 24 25 
398 7
20 18 11 6 5 4 1 
3 5 11 14 20 21 22 
144 15
20 19 18 16 14 13 12 11 10 8 7 5 4 3 1 
1 2 7 8 9 9 10 13 16 16 21 22 24 25 25 
