33806858
1600409
31637082
99201012
72939974
74702199
27177
15509676
68624542
81258686
164358
10483050
18838247
72391280
28368053
1083830
23154491
65480017
24623102
66877715
33948877
19276445
52068267
5634350
34490188
13724283
59525590
4950018
41654725
22444213
7223437
64062671
10730577
28752960
38007119
13507971
93447701
80807025
11748484
68370834
177840
95411194
2280163
37607720
59022598
12716566
86700999
89877910
73500204
13385618
81928600
50610275
86218914
93753613
20561766
47435489
58143643
73711648
74921285
56198409
95483075
16695711
61189103
9061115
54442193
62449960
58977049
87126730
1289626
4272880
95979574
31492917
84830411
33383946
82592301
52322508
44639871
69488717
78855
94387892
586866
89060159
48843362
14254897
81386170
58491784
48041898
37020051
19442034
8782563
18747977
85264698
31521786
18106
26569797
1327602
65916919
41650173
7472274
36248139
