0
0
0
0
91999372
0
0
0
498363
0
0
0
0
0
0
0
0
0
61242994
0
0
0
0
0
0
0
0
0
0
0
0
0
2283
0
0
0
0
0
61373794
0
0
39417434
0
0
0
0
0
0
0
0
0
0
0
0
0
0
0
0
0
0
0
0
0
1080505
0
0
17933692
0
2075434
93833226
0
1525570
0
0
99404479
0
0
0
0
0
0
0
0
2745597
0
0
0
0
0
0
0
42675342
0
0
0
0
0
31932841
0
0
0
27071519
0
0
0
0
0
0
16967455
0
0
0
68011013
0
0
0
0
0
0
0
0
0
0
0
0
0
0
0
0
0
0
0
0
0
0
0
0
0
0
0
0
0
0
0
0
0
0
0
0
0
91939173
0
0
0
17639418
0
0
0
37
0
0
0
8814628
143856
0
0
0
0
0
0
56667649
0
0
84354178
0
76009064
0
0
0
0
0
0
0
47371226
66885511
0
0
0
0
0
0
0
0
39639645
0
0
0
0
0
0
54577623
0
0
0
0
0
0
0
0
0
0
0
0
0
47493094
0
0
0
0
0
0
0
11655031
0
0
0
272
0
0
0
42926710
0
0
0
0
0
0
90081643
0
0
0
0
0
20562912
0
0
0
0
0
0
0
37438253
0
0
0
32227260
0
0
0
0
0
0
0
0
0
0
0
0
0
0
0
99949644
0
0
34292062
0
0
51629512
11833076
0
0
61202924
0
0
0
0
0
0
0
0
0
0
0
0
32335121
8237
63970958
0
107205
0
0
0
0
35450225
0
63294163
96833226
0
0
0
0
13908525
0
0
0
0
0
0
0
10317409
0
0
46342
0
0
0
0
0
0
74951264
0
0
0
0
0
0
0
0
0
0
0
0
0
0
5203179
0
0
0
0
0
1
0
0
30445116
0
0
0
0
0
43858646
0
0
0
0
94762069
0
0
0
0
0
0
0
0
30254465
26364808
0
0
0
4188
0
0
4657186
0
0
0
0
0
0
0
0
0
0
72411123
0
409490
0
0
0
0
99377086
0
0
23216138
0
1891366
0
0
0
0
0
0
13207
0
0
16446782
0
0
0
0
0
0
0
22406047
85480590
0
0
0
0
0
17
0
0
0
0
72079973
58301843
0
0
0
0
0
0
0
0
0
0
3439486
82784382
0
0
27822505
0
0
0
0
0
0
0
0
0
0
0
0
0
0
0
0
0
31992143
0
36641369
0
11033934
0
0
0
0
0
0
0
0
0
0
0
0
0
0
11524558
0
94186445
0
0
0
0
0
0
145
0
0
0
0
0
0
0
0
0
0
0
0
0
0
0
0
0
1944336
52368207
0
0
0
52653541
0
0
0
78831273
0
0
0
3745366
0
7404781
14306636
0
0
0
0
47128957
0
0
0
0
0
0
0
0
0
0
0
0
49508049
0
582246
0
0
0
0
0
0
30936855
0
202258
0
0
0
0
0
0
0
0
0
0
0
0
0
0
0
0
98600915
0
148
0
21029
0
0
0
0
0
69812652
37495862
0
0
0
18026059
0
0
0
0
0
0
0
1
