70217644
50865
10678984
80125116
176104
85979779
81655082
7509939
91986453
73667339
12805939
43746070
10665
34290260
79140410
94765568
7153001
77888564
53761471
82639682
6952734
2660773
8044543
82566730
88457163
58216778
97918306
37697087
81843770
54288672
73049349
91412390
80057384
10589228
59425068
473367
86984008
9192030
80055560
74936939
90810157
3224667
47025372
21926251
10357238
59226985
10095
660
30747473
70167131
27958466
50253115
75986272
16734652
32174643
23942
95869491
1755897
92781889
53553872
14486971
8188715
94996474
3911443
89239220
86056128
392080
52308154
65873931
42447460
19287670
25019
27305813
25018363
93058053
30278365
776720
89502786
57341364
81886976
57404465
56608537
35941358
14118
35896621
14228113
66214978
83897603
1628691
1404105
648
74136576
48648959
81988028
41671748
27962339
155799
58637182
72344072
1669502
176916
298964
87208455
98629995
12723280
12918840
88403233
94107246
56804668
67217904
98572991
22457194
94146090
23543398
4304354
20704032
88853056
782504
81667118
59963806
62813698
77023088
74002363
57602777
1008
7092558
29984523
46709720
13097827
8314151
29946096
12149238
1162544
27203
63424566
56971514
51555177
53846190
45256209
84222632
53512567
87494726
27304752
3923575
13224757
39900059
74626094
69791498
72740213
229394
35166605
83946131
67620213
5945696
23950438
55392527
99499612
98841654
21175573
3806750
50510275
35489406
14346335
39842520
75
11609476
74609826
31243683
11252
25472195
59163598
54371174
85532315
345326
29939147
70170158
62195153
87777946
80892732
16904187
95689497
43400134
2451455
13337678
91607052
41565003
19871157
15524147
848416
1495
88220061
4621256
24537247
4999995
40046337
67058724
4279023
154081
62126832
46130816
61295685
41674454
9807388
912176
56442975
43389792
67826721
76729059
75052273
22849339
80537011
8968
91312798
92339140
97787645
17041109
37894629
83730022
72079260
61094681
26158024
45959665
52695133
56064800
16000694
69261359
94713042
95601431
63166429
97916510
24255777
98192610
37038575
88561126
77689082
18196856
19737759
84139841
29073413
26812187
92734123
81079558
81422930
1163101
22679112
2358679
94402825
11
90528476
26649
