5917
593940147
662157284
124526431
579426799
168330480
633037364
119130216
631981595
532685692
9703
866939966
821443246
30994
581365971
720520341
376662334
655061888
220016748
57935388
5108693
346327
75644420
200053716
143016642
27195102
31562
325350684
240299435
791039833
213604904
1682
293237480
18
232389300
641883337
736432982
46128950
444214212
15704171
292175054
43864
65163436
84142882
28670333
945061
2368
25081956
375482769
4273646
223677246
62681124
835420168
289173875
826636764
7080653
604546749
262783
145588817
297734226
356941117
159670631
7402019
783418681
780884570
775943644
418422313
561357851
7962206
2399277
844947697
379340034
828
334757620
524715343
146271935
9216
360291373
922439030
574820428
72613
110825
798117502
439052204
1536062
335544318
40464679
185448318
118703501
893056162
676042938
758211074
125433
5699
794963531
211763778
430131293
50537158
901
89783829
3429425
302694164
1334
382289435
49676887
168676765
164107354
92551512
149719359
330348596
643333262
330302413
1243
267950214
663580618
612251317
158136962
773008237
665
180624698
715152270
11347235
756859361
546536321
3002394
113677650
269451934
840613463
571924
1683
628093174
567181255
301930701
21884363
660617744
197810076
301849999
107
81175019
476534300
528
821949065
439694817
5019
92352849
9876260
26113657
988512391
518889706
11754953
255640558
650
10623758
795633
229617940
229600225
10906773
676015813
691213952
582412121
220946
306863661
16310531
78492
452
923938915
2424676
214993279
380897
444196515
528952
926725508
955476074
416773
1385
314819758
10690696
677206988
374728566
912728536
71564794
149393576
23365282
183897617
141013
400360035
291784126
202183918
331608802
587770295
108325535
725378307
794693165
685634421
740151960
611991446
96529
603489978
646094047
1914652
352
253622259
136171472
23037524
961020692
2089358
955528027
859578459
183768571
209878264
69864177
85278
121388222
364996630
569975960
32
45153561
92724
164187088
3881
300030959
403830066
327538889
1077
67624806
47997763
21023314
191726010
5204856
86882741
24542183
2348931
21379
848867270
273531566
843572698
188185
826158751
189832885
183742154
38795436
82744561
550232259
959704389
971949206
666
852351434
763603136
72846731
191061
