33863
95613337
77567376
93536989
12015
13391
18271307
418288568
35535
452153071
601718581
729104443
976628855
191611
499117504
11962
306021695
757625
391120898
421397
249353709
32723549
318923126
44064222
811091796
31733204
170305235
351
29679117
165856023
268342696
606978888
138
823787494
811
274190608
87
135394
1196023
728984
620067787
919
795692332
16
775628965
795
1032226
569870836
36348
13289
280707548
6207945
460358967
867364491
780482994
578703096
2613
119284598
868127710
573476667
591327164
958593012
387525257
924719284
320380686
762639575
98741415
38001610
317811575
516538
952913712
1222
958485281
111774476
376073365
379428422
126658014
10512
2737
219802728
10790
9778610
728017242
128730317
82242772
15065
14966249
11566586
395014467
12240969
997815071
786584
46689323
42978393
56
38626
565342
245890291
2742100
40649317
842
83903996
799822941
112122026
50458
62
342871613
1136
314
178385314
400092479
3922
16662529
12819451
558263199
436759305
174364019
13236976
341034488
208241844
3102588
786386229
1719218
76749
467381034
944804405
967964461
126426905
886348198
656044807
41671681
121326023
10216567
297720968
181671446
356349409
519438426
164273737
12253470
543775
405763271
563266658
725939898
966219821
400668519
57967373
137875025
56621821
720815989
11316133
2984689
39468265
669764890
35418
67841129
1805030
260871677
154489978
666771147
6691
599232164
952320370
35844997
174581478
375
32728
1369793
2123
747503551
1901
264970665
21425269
964549410
99663136
0
9207210
5367764
149776317
13009058
612414262
98632071
811914722
210095773
13
888369194
225326379
5575
344654093
310768067
302223
188772985
7218214
64480058
789543935
114934
9560
195105094
3073773
499675806
725
707592014
58268601
402434
3950995
538
272048739
23994123
137608047
200906935
11409810
1749
223457307
11329
38018840
630123
37766
28531
14146654
772267701
7985203
9322171
322865490
919
199398950
1060
17983145
841860
352092572
1700059
728696
691484141
629633402
4302888
539597
100864511
165294921
682010416
31433289
388114
690548873
35120
209929477
451929
101
400521
923801475
649663808
324838373
6804
9694861
627
1757362
463266660
46309313
479227
349411
9933040
117098449
3038
425730899
2571
887818371
132811
69306218
627090523
18855856
512075
787
26012
32565
2422289
830318220
176264698
126729
16801
520711
175253
243646880
159401
409845103
518082381
400323181
7271
396215154
87437633
9126416
593409940
453804929
131061025
60541
951074071
147340894
966404098
164814670
105083
3528
253117317
68466575
73811451
1076541
71043586
116722434
109650441
227761857
154929005
374
989746396
536899069
2206344
564
2624002
11016944
3523
82765421
906208571
361590295
25407174
740876771
144779289
192
1578737
116257
62614
439383494
1928
847295611
98155956
7879048
2053168
630991977
155753336
593
554910560
52143
128212916
352984877
634248417
44149215
8864032
2966842
713285314
702435851
279931131
1850666
935382233
5498619
127065
9478320
437759495
529896904
84
1689573
344712558
18942
5043400
6343
930693473
487443532
779334903
915834743
995324976
63389024
839246
2333929
454942403
59
9364549
771307649
1252
337174857
6233
651464831
132138428
983596524
47170
142962710
853315804
7629
48918296
157051
168935
7741762
486363213
84524831
572
31461
257513630
359526950
559349492
429878
37701230
858335270
928031889
322480727
1261763
57
10988116
2664
34629
21478575
