119574689
529870765
9240
33
598139
409
756875467
643988222
976681841
412
246157147
26076
746
605191
192
580162
1119
24489
4580
1595148
108521659
498
552856
3836
876826
957853721
1581752
1537
86213101
2600
415047460
2041
679410
1522
489
3606
474590
167
4883656
422137860
489340534
968928448
989605944
13
36922451
17229
2725861
361542031
6333934
2236480
1013
85657
4884
151542305
662
384002222
15345
42271038
141127
39753
23353
592604211
12659
116426837
1541195
290176
29
33
707
184
4186
8755
530
41
504007
524339
142240
61558151
624
640942548
12641661
21990
47786
332
917651703
2666600
1199651
343817981
3418042
738638
116941
922214327
130
288087356
20543
38
17639
990711121
2484
717
12066001
3989
928415094
530735
26
1565
183388842
16168614
48599
1351787
2889742
0
1794
34336
17888
502114503
294720026
630
664300149
1951
20690
21656659
136977
130698
131441
252027542
686701555
82709
931750961
10166022
439290202
1500748
1
436941330
34
5441774
463399647
2514288
2663
373626985
70778403
7224
1291
105313
930264605
5891634
21547
14447574
714939804
693498209
13214994
2294013
270024311
728874198
6412922
1675347
4848
1173
1601881
993338674
18790710
42231541
1800548
112547848
59664703
853608578
253
38
629960
0
28710
151
701
410160540
48
1913639
175548
13414711
2496372
225
278081654
10516
267702
782404196
108086294
14829
36566
5460
571
4
1296
389780970
56980210
3548
43
214379130
1135
1
41114
114
205
262
192216578
1088
7568841
18145497
355782162
135724127
1034
5065
5553926
2255622
518285
950142
516762396
25135482
24401636
2989
516
84
3224
560998446
15500
7214
89448195
11633
153900
25075343
710
263101501
393579975
152
22390043
249721179
9671388
3191
911768136
54778
895325468
537
0
297102046
50448015
559016958
4851
226615634
1786
272739
342
9301
102158377
889263801
298843
27732
16771
313372
3471
21442910
351
8
86374594
811898090
5655993
307113
35
277868210
0
106306500
324351094
46426200
859223349
269409574
139759452
23051169
91402443
307721
602206338
22
247755064
1
555355574
667058206
29394
67
760900284
450836239
853241464
45220004
163
28773860
512
2106379
885986273
388311
241692977
287377
18450
18379779
56016321
4895644
4978
0
166794843
4584965
623355093
2695370
3850588
19026
5393251
5479576
220844
111
184502416
1
9078940
1
139
221719487
714915474
309301843
33
303623400
762822071
8006
10773
742867
30147
914833260
205679
1
781491536
9
512571092
320
3910302
3227
851645
12
208310109
648646682
502917
268404284
355536263
11700
8772399
878134189
916193791
2732810
7
344113754
22914497
45850841
2
152511
754001825
653556
111515428
48869927
18244664
32163457
12592
9146
13909
152618944
27582
1
437932557
9168280
109
5575
1894790
115234988
4
542454078
44
555
2331958
10500
0
911732
899393643
1044878
782097597
107
386416
20614143
874719757
1440300
220
92
954140893
20
595122
71120375
154073
89316224
329
30994553
247125304
771
120141734
42
544103061
561343981
105718668
676058547
1865753
1666
163173581
1
213555757
2463356
210527781
438
196173874
21269071
20928
2211526
759
7006212
11451832
3746830
984965244
306
0
1
40737213
2171
83799
221560266
831
0
1755326
256169
861001653
2099
5969
1180
348
311690606
977389591
0
2
4259
272334181
128291917
156
3824530
995892
58
11703425
359146661
135353192
235134854
869230956
125535
5503
460154602
510
905689232
925781510
130
72854
162
576479695
80
45779885
95928610
541350332
722906403
401537
20495942
431
18785204
17683038
598660589
13490412
97046050
131834
5069572
82730708
379627600
934095219
608354194
4180135
53178202
2
514950029
8
46262438
369
6111
782027765
696802
119
11668
1461090
201665598
71169
58755237
