536489641
72029
871852638
730550095
4602003
886
829
568815982
55293494
552563
959012394
142877970
190689
590313196
48925
85393878
71412228
549415048
36
315304055
320
2332504
903511976
867135321
292079232
233549211
998549943
425
672169190
4745579
339087204
2216609
893178
426379819
91959979
563429
784
526168355
2739616
7
9404889
651980517
120966018
154230
299748311
229
3192
259995
781225900
9072989
157220
607277861
0
314439639
2067527
287186604
2045
992243549
626280350
444527
499482
196221636
990768930
3020146
800
11146231
395742881
567460047
587889048
48118371
1199500
149057241
487687004
739609209
823699570
522897561
246595435
6711545
0
0
80050
655087560
247110300
310
2837131
7634
81998756
103333637
104887225
385
10558
127493
14150807
70168247
37
457560726
3798911
698552224
0
60647
720101039
371152652
116844099
154907623
0
87314328
0
9882143
61659
440318935
169926307
676574073
306545734
277749024
642329176
882673635
119027455
450
5665815
33231217
0
972117666
5937
7568220
38563190
155686227
456074413
487128312
93021
700007689
891711
21353
65436091
509309
692199182
475881539
897700198
563849781
556588
250419
15554503
94917297
5390
781933262
196
445235964
286016470
728103269
722935811
20877
12275
0
964532914
157833763
175942293
582945686
1024
649574912
652813920
291
562
6294957
438073088
0
34685673
242724557
88854
69107351
216137
665597046
0
94654401
87687961
18746505
228
469332
5464
0
1464
3984249
576313249
319230
457
9120
68633
1472561
528551137
103016232
841131789
793482661
91790386
604678067
3319
527829612
80145106
0
0
448722060
711981597
26450540
877384071
7510910
602949346
593934641
288512805
389007068
288726752
69594277
125449774
236869689
993114860
23626654
2091525
470726545
823925008
540252
155967
89836715
784232423
980067018
9010
84533074
70462809
316728
65
2215650
656108409
999142491
932647248
773852132
846267989
100778339
119039
0
97621114
880744958
9348
48545126
1868904
1651682
750869411
821040294
603030722
81758192
995166364
2326438
16545675
0
268932131
620344
2289
76238443
3
519
120873129
446150551
836490044
320
846856644
799280035
0
610926451
1637
2415
3748553
651205711
643269033
891792633
13422
189937
17
2349114
4363
489985410
245212956
90794529
75167
61996762
207055
265300909
2850
275806149
0
14983
201
915025619
145734015
4406
9768091
903177058
51258
835160826
483801959
154359
12
410295929
1168
939038267
7178330
5629670
53208
120417056
426623
464470217
132408614
51021
506862901
253
139562105
817253160
16917
653213821
6020511
98593874
596018322
651447507
19267260
7612788
12307127
8932618
90729515
6238434
0
10400050
203251705
276241
14474
468327994
342643705
0
593172276
2191889
630935409
68540
444246
867988405
12506
297508598
81359830
3372
275977
289988484
0
2555869
787180852
123291066
119770
249774578
417403846
757059083
831805
60
119726
66336
404
187964712
1957969
13507472
891
476402064
121504993
1264666
129945376
496
353547902
1357
6576337
863514011
221650878
668005
255024522
926255971
0
34492313
813755393
263854253
162677
934829
9437851
417293937
589361409
853662941
701
2130
272903
92423
986678185
69661101
0
1683
17
650080
60157
7037
816572003
665534242
2771
983270125
515258213
442453919
Time taken by program is : 0.400000 sec 
