30
20
1 0 0 0 0 0 0 0 0 0 0 0 0 0 0 0 0 0 0 0 
0 1 0 0 0 0 0 0 0 0 0 0 0 0 0 0 0 0 0 0 
15 76 43 79 88 75 43 2 58 66 80 33 79 85 91 15 31 65 80 18 
0 0 0 1 0 0 0 0 0 0 0 0 0 0 0 0 0 0 0 0 
76 46 53 76 5 64 37 62 59 37 55 14 92 34 31 93 28 70 5 86 
82 56 51 70 25 43 68 71 100 36 1 98 54 80 88 40 34 56 98 23 
41 36 12 84 92 83 21 33 34 92 53 34 17 89 9 76 71 73 19 68 
61 62 83 71 25 51 59 75 4 40 68 32 4 46 90 79 61 63 29 26 
81 21 74 36 95 98 6 15 13 57 64 6 63 68 38 99 65 0 70 43 
0 0 0 0 0 0 0 0 0 1 0 0 0 0 0 0 0 0 0 0 
0 0 0 0 0 0 0 0 0 0 1 0 0 0 0 0 0 0 0 0 
9 3 4 45 14 13 22 80 51 64 13 99 76 55 6 12 20 98 87 73 
0 0 0 0 0 0 0 0 0 0 0 0 1 0 0 0 0 0 0 0 
29 4 15 37 94 16 5 83 12 31 33 42 74 88 53 78 11 14 98 58 
21 91 95 34 63 98 87 47 25 43 87 0 13 74 62 98 27 65 69 80 
53 76 43 81 76 6 90 75 36 33 7 19 51 98 54 50 60 75 59 50 
36 1 52 55 88 1 83 34 32 10 13 70 10 78 83 100 66 18 35 6 
79 50 70 13 35 42 76 11 99 29 73 8 52 30 3 93 1 99 94 63 
4 22 97 98 90 58 84 16 47 16 44 2 92 25 42 68 37 54 27 87 
98 9 10 58 44 63 76 21 72 69 65 100 46 78 51 28 45 37 49 69 
20
1 0 0 0 0 0 0 0 0 0 0 0 0 0 0 0 0 0 0 0 
44 53 12 35 6 56 92 27 11 74 21 58 22 61 58 63 72 56 47 64 
56 58 54 73 82 82 33 35 38 97 11 76 39 15 94 30 41 87 47 18 
0 0 0 1 0 0 0 0 0 0 0 0 0 0 0 0 0 0 0 0 
86 53 96 27 61 88 80 67 42 34 95 83 74 57 82 12 28 59 12 54 
0 0 0 0 0 1 0 0 0 0 0 0 0 0 0 0 0 0 0 0 
0 0 0 0 0 0 1 0 0 0 0 0 0 0 0 0 0 0 0 0 
31 81 77 47 84 66 36 75 79 27 48 99 30 78 16 100 95 3 23 43 
0 0 0 0 0 0 0 0 1 0 0 0 0 0 0 0 0 0 0 0 
0 0 0 0 0 0 0 0 0 1 0 0 0 0 0 0 0 0 0 0 
68 22 40 68 6 58 62 21 11 55 48 19 28 45 60 54 17 3 90 58 
0 0 0 0 0 0 0 0 0 0 0 1 0 0 0 0 0 0 0 0 
49 49 28 2 26 67 32 23 16 3 57 29 82 95 76 78 55 76 6 79 
0 0 0 0 0 0 0 0 0 0 0 0 0 1 0 0 0 0 0 0 
31 10 12 2 59 58 90 63 0 8 95 68 49 72 12 52 1 28 45 70 
0 0 0 0 0 0 0 0 0 0 0 0 0 0 0 1 0 0 0 0 
99 8 96 25 59 54 27 31 27 41 29 11 84 46 7 83 3 85 9 37 
98 96 76 49 14 33 63 81 41 73 25 100 27 25 46 2 68 73 71 38 
0 0 0 0 0 0 0 0 0 0 0 0 0 0 0 0 0 0 1 0 
94 20 80 9 33 64 2 30 36 94 61 11 0 86 44 42 57 0 35 33 
20
1 0 0 0 0 0 0 0 0 0 0 0 0 0 0 0 0 0 0 0 
38 11 26 11 41 60 47 93 47 12 22 52 12 87 22 59 43 29 77 17 
80 17 71 48 47 41 81 4 21 17 16 94 67 25 55 84 4 64 45 25 
94 26 76 61 24 69 57 87 96 75 94 97 29 5 49 65 96 5 31 69 
35 92 75 100 51 39 82 52 88 4 46 67 78 17 10 73 26 42 96 52 
0 0 0 0 0 1 0 0 0 0 0 0 0 0 0 0 0 0 0 0 
21 13 18 93 77 83 0 27 9 3 22 7 81 84 38 74 74 34 61 47 
0 0 0 0 0 0 0 1 0 0 0 0 0 0 0 0 0 0 0 0 
0 0 0 0 0 0 0 0 1 0 0 0 0 0 0 0 0 0 0 0 
81 16 17 53 56 33 64 28 31 7 54 28 32 28 72 96 79 74 18 92 
1 29 44 77 79 84 28 61 26 88 52 70 98 71 48 19 34 36 75 62 
92 67 86 15 51 77 1 44 16 49 89 68 28 25 79 78 53 77 79 41 
93 90 96 42 20 92 63 21 17 4 18 71 56 41 80 50 60 70 75 11 
45 36 66 57 54 76 50 23 95 41 95 99 34 83 62 60 22 41 31 3 
71 51 72 91 54 94 56 62 23 49 22 77 26 11 44 49 0 16 47 67 
64 97 96 44 18 85 92 9 93 93 72 67 33 36 52 18 47 93 91 0 
46 38 60 38 77 38 1 86 60 49 53 93 96 20 97 59 16 3 85 59 
22 78 30 48 35 45 75 48 94 58 66 42 6 19 10 87 98 26 73 35 
76 41 23 47 53 79 69 63 98 32 100 27 100 42 23 81 33 95 11 3 
50 20 43 61 91 44 100 99 60 53 7 30 76 60 1 3 93 15 39 30 
20
1 0 0 0 0 0 0 0 0 0 0 0 0 0 0 0 0 0 0 0 
10 97 67 96 60 63 36 44 93 63 21 20 88 67 1 76 52 49 41 14 
83 62 48 83 32 96 62 93 90 53 8 74 92 89 84 87 40 84 67 7 
99 33 96 42 45 71 27 22 39 63 89 65 29 23 61 96 72 88 35 78 
96 67 65 33 52 49 70 51 29 48 91 70 94 48 86 64 65 89 24 100 
0 0 0 0 0 1 0 0 0 0 0 0 0 0 0 0 0 0 0 0 
7 15 63 77 89 36 30 8 73 71 44 51 1 10 88 6 15 12 66 6 
54 9 94 78 50 98 82 7 44 23 80 38 13 83 27 49 36 95 41 95 
12 29 91 57 31 100 82 60 67 100 69 34 14 81 100 80 20 78 34 1 
0 0 0 0 0 0 0 0 0 1 0 0 0 0 0 0 0 0 0 0 
28 0 75 42 61 94 93 65 23 50 70 59 28 3 61 93 8 51 71 36 
7 88 3 66 56 79 84 32 3 19 16 16 29 11 80 13 30 17 49 25 
21 86 70 73 66 68 24 89 54 45 48 27 97 74 86 73 34 7 57 95 
0 0 0 0 0 0 0 0 0 0 0 0 0 1 0 0 0 0 0 0 
0 0 0 0 0 0 0 0 0 0 0 0 0 0 1 0 0 0 0 0 
57 99 84 8 85 82 44 52 85 41 87 46 91 6 0 55 24 63 68 89 
37 29 40 91 17 39 32 21 47 23 0 51 24 61 58 65 6 54 94 50 
95 97 39 23 49 16 79 36 12 1 21 95 40 64 22 66 16 63 2 4 
98 0 61 51 54 30 38 43 23 60 49 55 25 64 89 2 3 20 32 91 
68 82 38 72 25 85 7 6 25 34 96 61 82 56 42 3 47 58 31 38 
20
1 0 0 0 0 0 0 0 0 0 0 0 0 0 0 0 0 0 0 0 
49 22 91 2 34 0 18 84 27 83 18 23 31 30 61 25 37 15 20 53 
75 8 61 35 90 72 82 62 35 60 79 10 45 45 2 15 88 12 98 2 
11 50 90 34 41 34 87 29 36 55 16 68 11 23 16 34 32 25 44 24 
14 74 61 96 61 61 24 96 59 28 52 56 56 47 42 71 91 100 10 93 
32 10 88 37 25 75 63 65 18 75 34 25 26 75 56 71 1 45 79 9 
96 56 42 99 56 5 79 63 46 62 12 77 34 72 55 86 81 52 20 88 
84 75 29 14 78 71 45 69 23 34 24 21 33 37 0 87 75 61 83 90 
78 18 25 82 45 94 69 34 33 59 36 83 59 17 41 10 50 33 84 83 
0 0 86 48 28 67 21 91 29 60 96 25 19 67 39 34 66 12 8 39 
0 0 0 0 0 0 0 0 0 0 1 0 0 0 0 0 0 0 0 0 
56 59 10 9 17 57 65 73 62 69 21 64 96 19 30 71 5 47 36 14 
30 27 81 1 74 52 48 33 12 48 9 75 73 92 91 83 73 7 84 69 
32 50 72 54 66 10 82 49 81 18 59 56 100 41 56 96 49 78 19 46 
9 10 40 40 82 63 26 86 79 67 34 27 80 62 31 42 32 88 35 17 
33 45 25 95 13 51 54 33 75 76 38 15 82 10 17 84 58 80 5 39 
0 0 0 0 0 0 0 0 0 0 0 0 0 0 0 0 1 0 0 0 
0 0 0 0 0 0 0 0 0 0 0 0 0 0 0 0 0 1 0 0 
3 90 14 22 58 96 68 38 29 63 82 5 9 26 82 85 77 70 38 5 
42 53 100 68 95 91 2 94 97 11 47 57 30 13 31 16 21 83 81 52 
20
1 0 0 0 0 0 0 0 0 0 0 0 0 0 0 0 0 0 0 0 
97 15 69 51 90 95 95 39 98 22 68 33 33 74 16 20 16 100 8 77 
0 0 1 0 0 0 0 0 0 0 0 0 0 0 0 0 0 0 0 0 
44 21 15 64 16 44 73 12 32 71 89 94 78 0 8 92 22 100 56 2 
0 0 0 0 1 0 0 0 0 0 0 0 0 0 0 0 0 0 0 0 
50 10 55 79 92 10 60 77 15 33 71 29 45 49 76 57 72 23 56 81 
0 83 48 65 58 46 45 11 96 97 9 28 100 15 88 49 3 6 35 12 
40 26 15 67 21 46 62 16 57 58 5 51 44 8 100 18 87 4 3 83 
100 93 60 18 9 63 82 69 94 95 91 72 12 66 20 12 97 90 24 100 
0 0 0 0 0 0 0 0 0 1 0 0 0 0 0 0 0 0 0 0 
16 84 16 5 55 88 53 43 79 11 8 89 59 37 89 11 4 24 82 68 
25 16 68 75 39 88 80 31 34 31 97 10 75 59 33 92 97 1 11 14 
78 16 96 20 7 42 76 5 55 79 29 81 57 0 87 24 24 10 26 39 
43 87 49 35 18 80 77 52 48 96 87 43 17 34 19 45 60 99 93 83 
29 32 42 96 6 80 44 13 49 3 86 84 66 1 18 30 79 34 46 58 
52 21 13 30 92 33 25 24 23 30 72 1 90 38 47 54 60 2 88 99 
32 42 33 88 64 15 94 56 89 36 33 55 77 63 17 37 52 48 88 96 
85 26 48 27 68 79 33 31 87 23 82 7 6 17 40 4 37 52 92 31 
84 4 25 46 52 73 79 81 56 5 73 61 87 37 43 17 51 33 21 4 
66 7 58 56 26 46 0 26 89 45 52 90 31 8 52 34 22 35 86 80 
20
1 0 0 0 0 0 0 0 0 0 0 0 0 0 0 0 0 0 0 0 
0 1 0 0 0 0 0 0 0 0 0 0 0 0 0 0 0 0 0 0 
55 60 30 77 71 50 45 42 94 97 3 84 87 75 48 32 49 38 72 95 
46 70 68 76 29 52 41 27 19 97 99 61 78 39 34 3 64 15 82 81 
11 84 81 35 74 3 92 82 94 21 57 98 68 4 4 48 1 5 94 50 
50 72 30 48 81 48 3 96 100 25 84 58 33 0 93 33 75 90 17 58 
95 65 36 14 95 26 74 52 44 8 68 83 20 58 92 46 54 87 68 81 
0 0 0 0 0 0 0 1 0 0 0 0 0 0 0 0 0 0 0 0 
50 42 91 2 76 34 89 56 81 62 57 95 13 40 83 70 4 58 48 38 
12 59 15 66 82 87 64 5 74 48 15 22 32 1 8 28 1 4 63 17 
87 16 3 44 74 69 19 99 100 34 57 84 11 84 70 87 58 16 38 13 
55 11 91 92 78 86 78 90 54 14 94 60 99 29 57 54 83 57 91 23 
89 41 99 23 39 1 36 99 44 86 79 58 50 72 70 52 35 61 28 27 
2 75 96 49 99 59 83 55 87 40 2 78 57 88 77 8 55 69 62 44 
81 0 77 26 36 5 87 72 30 1 39 15 55 69 18 90 7 13 93 93 
0 0 0 0 0 0 0 0 0 0 0 0 0 0 0 1 0 0 0 0 
68 97 1 41 14 38 21 88 96 63 23 68 82 26 56 21 71 63 59 7 
87 65 40 75 17 20 50 94 73 79 28 86 100 89 41 89 96 93 82 3 
9 51 26 81 50 66 0 19 38 59 52 47 61 14 43 25 66 59 39 11 
30 1 82 76 8 55 32 28 17 50 15 92 14 2 67 87 11 93 68 20 
20
1 0 0 0 0 0 0 0 0 0 0 0 0 0 0 0 0 0 0 0 
25 57 48 50 48 40 77 23 92 44 12 29 49 91 91 89 64 89 58 20 
41 43 72 21 4 28 2 68 44 56 99 73 66 2 97 47 21 68 100 7 
67 88 37 84 79 25 90 51 2 49 70 32 7 36 39 5 41 91 47 26 
76 33 10 61 2 9 38 11 69 37 40 52 74 64 21 24 53 42 74 4 
38 94 30 70 58 93 33 31 39 34 83 94 95 60 36 93 61 20 20 67 
14 46 56 17 78 60 53 2 7 10 6 3 51 23 66 84 54 33 56 62 
25 68 56 23 81 2 45 42 18 27 36 10 41 72 50 80 88 8 22 20 
0 0 0 0 0 0 0 0 1 0 0 0 0 0 0 0 0 0 0 0 
8 16 32 5 85 45 91 33 79 22 83 63 46 38 44 47 79 20 4 29 
42 86 5 56 36 71 40 29 14 58 26 79 46 15 81 55 6 43 52 49 
72 72 38 100 63 22 41 83 28 15 59 21 34 65 51 86 96 93 45 65 
12 42 73 94 67 72 19 100 18 64 60 5 47 54 34 69 96 11 61 28 
35 90 31 22 11 92 14 6 100 70 2 39 87 65 83 3 60 83 91 87 
0 0 0 0 0 0 0 0 0 0 0 0 0 0 1 0 0 0 0 0 
38 84 58 13 75 10 11 9 64 24 74 8 66 65 28 97 17 5 90 44 
78 72 8 78 88 39 82 41 90 44 74 42 32 83 45 83 56 31 25 7 
93 38 83 34 5 38 87 45 55 57 13 96 21 8 8 82 11 37 79 72 
29 38 6 9 37 22 5 82 20 66 44 11 23 42 11 59 11 51 33 86 
0 0 0 0 0 0 0 0 0 0 0 0 0 0 0 0 0 0 0 1 
20
1 0 0 0 0 0 0 0 0 0 0 0 0 0 0 0 0 0 0 0 
80 26 16 36 23 31 23 27 24 2 95 43 87 75 31 76 17 48 1 49 
61 84 46 94 30 99 83 26 12 52 93 66 34 91 69 60 5 90 10 51 
26 12 37 20 77 82 14 37 21 3 50 19 72 65 75 51 42 75 5 84 
11 55 52 24 62 12 50 39 13 94 21 21 21 98 7 100 99 66 10 26 
0 0 0 0 0 1 0 0 0 0 0 0 0 0 0 0 0 0 0 0 
39 0 49 11 62 88 68 82 4 15 72 90 47 21 92 32 4 62 6 73 
34 30 2 7 4 50 8 42 64 76 60 9 38 82 28 74 87 34 96 2 
43 38 74 87 82 78 13 26 82 21 15 47 56 30 12 11 86 50 80 83 
27 59 100 2 44 33 20 65 13 40 41 53 6 7 66 31 50 87 20 47 
46 48 3 7 24 50 11 36 12 23 46 65 64 35 30 91 52 56 39 58 
84 92 65 86 77 12 93 69 66 79 39 76 73 5 76 17 41 72 92 43 
45 9 73 42 9 48 0 27 97 15 65 84 45 43 81 91 85 3 40 6 
15 82 70 1 65 13 52 81 5 23 2 69 62 8 90 25 20 80 64 28 
27 58 39 99 24 62 32 91 96 30 25 96 35 57 51 91 89 49 5 40 
43 62 15 99 24 91 8 57 20 32 13 27 82 89 77 69 90 53 99 23 
66 25 2 1 84 82 85 1 97 15 99 59 84 60 75 75 15 2 71 84 
76 59 84 79 23 31 89 30 70 17 21 98 29 34 29 65 66 99 7 57 
5 72 13 12 27 95 48 55 28 59 23 39 37 26 9 69 53 93 15 86 
0 0 0 0 0 0 0 0 0 0 0 0 0 0 0 0 0 0 0 1 
20
1 0 0 0 0 0 0 0 0 0 0 0 0 0 0 0 0 0 0 0 
16 74 86 19 94 89 11 13 78 93 60 9 30 75 34 2 39 11 20 71 
0 0 1 0 0 0 0 0 0 0 0 0 0 0 0 0 0 0 0 0 
37 68 92 87 83 44 68 78 90 59 27 36 66 74 84 51 38 96 58 51 
0 0 0 0 1 0 0 0 0 0 0 0 0 0 0 0 0 0 0 0 
14 89 86 17 8 2 81 80 47 16 53 70 47 2 6 66 58 2 45 61 
3 8 40 85 47 53 53 36 78 0 97 23 72 66 40 50 61 94 80 89 
0 0 0 0 0 0 0 1 0 0 0 0 0 0 0 0 0 0 0 0 
21 94 5 98 85 15 85 82 18 8 46 45 91 86 7 96 96 76 37 74 
61 100 34 37 39 72 63 24 42 54 94 0 92 67 7 39 33 74 59 69 
91 83 63 99 40 40 75 63 72 16 22 1 82 80 22 19 71 29 70 29 
74 24 99 83 94 63 15 15 35 67 4 55 90 91 27 13 51 60 38 45 
76 27 36 80 45 31 98 5 44 37 3 72 25 87 12 70 30 34 73 27 
0 0 0 0 0 0 0 0 0 0 0 0 0 1 0 0 0 0 0 0 
79 83 41 76 47 86 43 43 82 86 11 64 71 31 94 59 70 0 24 80 
0 0 0 0 0 0 0 0 0 0 0 0 0 0 0 1 0 0 0 0 
28 34 92 54 55 98 31 67 54 89 5 90 13 53 28 1 0 21 85 8 
92 62 61 14 99 89 22 43 36 1 6 60 50 5 65 22 25 92 19 17 
55 100 32 88 17 91 69 88 96 66 95 61 33 16 51 57 56 66 49 54 
15 99 3 7 4 39 26 21 46 31 86 26 21 1 2 74 19 12 22 81 
20
1 0 0 0 0 0 0 0 0 0 0 0 0 0 0 0 0 0 0 0 
5 38 99 52 21 73 29 36 9 49 88 45 26 22 7 1 17 60 86 48 
31 49 85 86 63 32 80 12 39 65 9 27 52 38 22 27 71 78 100 18 
49 23 69 86 69 34 72 30 41 75 78 49 36 3 42 84 63 15 75 53 
0 0 0 0 1 0 0 0 0 0 0 0 0 0 0 0 0 0 0 0 
0 0 0 0 0 1 0 0 0 0 0 0 0 0 0 0 0 0 0 0 
0 0 0 0 0 0 1 0 0 0 0 0 0 0 0 0 0 0 0 0 
56 10 0 62 17 4 43 63 64 87 91 20 5 91 56 15 59 56 65 62 
84 31 7 30 13 59 43 32 27 44 82 90 63 97 74 31 38 85 20 25 
11 21 53 15 45 93 11 24 45 33 97 61 35 19 20 42 1 47 57 28 
39 54 80 35 11 49 64 3 44 44 68 17 34 44 77 36 22 40 14 10 
49 33 80 12 98 69 32 58 75 91 26 78 91 91 96 39 35 22 100 75 
79 19 78 25 77 17 10 29 99 51 46 42 71 5 81 7 78 56 96 24 
69 38 94 41 51 24 86 84 25 73 36 19 6 50 91 64 72 85 9 63 
39 55 53 10 36 39 11 31 61 8 52 44 51 65 96 100 60 3 14 8 
53 42 91 49 70 62 64 0 38 50 22 6 9 19 47 68 5 45 100 57 
48 90 45 47 2 79 94 30 37 76 11 38 31 17 100 46 93 97 2 8 
0 0 0 0 0 0 0 0 0 0 0 0 0 0 0 0 0 1 0 0 
90 41 81 45 62 3 82 10 12 39 21 72 6 38 91 77 42 36 42 82 
89 8 97 95 39 92 14 74 89 61 58 94 1 58 44 76 56 29 41 86 
20
1 0 0 0 0 0 0 0 0 0 0 0 0 0 0 0 0 0 0 0 
27 4 26 91 65 90 68 40 78 100 29 29 3 5 31 39 55 100 21 19 
43 5 77 78 58 15 51 37 64 10 41 41 92 49 97 13 63 5 51 17 
9 24 82 70 89 69 93 57 44 5 86 56 71 9 61 37 38 96 30 4 
78 22 2 37 83 52 84 64 100 70 77 90 81 94 55 66 89 97 63 46 
5 71 6 12 72 92 23 30 33 94 39 22 19 22 37 12 38 65 44 71 
91 28 16 35 1 43 65 80 44 90 65 31 54 15 56 76 97 88 16 67 
31 29 10 86 79 9 37 25 65 50 17 27 39 24 34 12 43 3 44 97 
37 2 13 52 92 61 18 56 87 61 11 57 12 8 5 67 75 93 71 90 
7 95 59 86 67 17 90 12 91 23 95 33 8 58 10 35 73 35 23 46 
50 72 54 58 39 99 60 48 89 74 30 27 87 35 75 9 52 67 35 61 
84 0 42 95 42 11 45 85 21 12 11 99 13 64 54 54 17 91 68 45 
2 78 14 68 98 48 18 45 11 50 33 13 52 87 46 11 73 35 73 11 
90 39 2 31 99 26 15 18 70 32 34 7 37 99 28 99 62 9 70 66 
87 7 13 46 86 63 28 5 35 41 81 83 79 87 39 98 68 90 73 14 
53 33 55 88 59 99 93 1 62 60 28 64 84 6 78 77 15 54 93 7 
85 47 4 25 49 55 35 48 85 24 63 79 3 98 59 33 95 28 76 33 
32 15 21 75 11 96 82 8 92 47 2 62 81 5 26 77 70 22 56 2 
99 79 10 66 81 76 1 31 60 7 22 20 88 84 54 75 33 10 22 39 
80 66 8 83 90 7 30 72 17 93 39 99 84 77 71 23 19 1 64 29 
20
1 0 0 0 0 0 0 0 0 0 0 0 0 0 0 0 0 0 0 0 
0 1 0 0 0 0 0 0 0 0 0 0 0 0 0 0 0 0 0 0 
0 0 1 0 0 0 0 0 0 0 0 0 0 0 0 0 0 0 0 0 
20 68 63 94 19 46 57 4 57 83 50 91 2 77 12 77 56 58 87 8 
36 28 63 84 98 11 61 51 45 16 31 72 73 23 61 14 41 16 81 14 
0 0 0 0 0 1 0 0 0 0 0 0 0 0 0 0 0 0 0 0 
44 3 30 19 25 49 58 4 43 10 28 61 73 10 51 66 70 8 99 34 
3 27 94 0 89 70 53 86 50 25 32 6 67 36 55 85 89 52 34 74 
34 58 87 75 31 86 86 34 89 64 12 30 3 20 12 44 21 97 39 46 
86 40 58 0 50 54 79 42 99 97 52 45 7 79 87 64 8 87 75 30 
45 66 66 44 55 40 64 97 31 20 78 41 57 19 58 94 55 52 95 60 
15 34 29 10 75 35 28 76 42 64 38 77 26 1 91 11 84 31 23 57 
0 0 0 0 0 0 0 0 0 0 0 0 1 0 0 0 0 0 0 0 
33 72 25 12 44 98 85 28 30 90 0 43 89 50 63 65 24 1 47 92 
74 7 49 67 50 98 18 64 74 17 57 81 60 93 45 95 4 60 47 54 
9 28 8 69 78 87 1 22 56 58 34 31 17 85 83 36 88 52 91 58 
90 59 28 39 64 82 42 27 34 99 30 23 19 54 54 66 93 88 29 40 
0 0 0 0 0 0 0 0 0 0 0 0 0 0 0 0 0 1 0 0 
100 46 19 25 54 12 89 39 15 99 53 78 86 81 0 79 77 81 54 19 
99 72 77 97 26 71 4 79 100 54 78 52 82 56 38 34 54 38 71 27 
20
1 0 0 0 0 0 0 0 0 0 0 0 0 0 0 0 0 0 0 0 
0 1 0 0 0 0 0 0 0 0 0 0 0 0 0 0 0 0 0 0 
0 0 1 0 0 0 0 0 0 0 0 0 0 0 0 0 0 0 0 0 
73 21 29 76 47 32 39 85 70 82 90 67 71 100 45 71 36 86 54 13 
1 58 33 37 87 32 4 11 48 92 54 85 98 49 76 91 50 27 19 43 
72 37 41 27 87 52 23 86 17 93 87 95 88 39 63 12 25 77 30 91 
0 0 0 0 0 0 1 0 0 0 0 0 0 0 0 0 0 0 0 0 
0 0 0 0 0 0 0 1 0 0 0 0 0 0 0 0 0 0 0 0 
34 77 79 60 73 13 62 58 0 31 97 9 3 98 47 20 66 58 41 69 
32 96 79 58 3 16 89 89 69 69 93 59 36 44 73 98 67 56 70 9 
44 3 38 11 63 72 11 11 11 43 15 14 49 56 32 6 67 72 87 25 
11 96 57 0 25 88 7 5 35 100 58 75 68 29 15 3 3 26 96 19 
11 28 17 26 74 73 39 35 68 99 8 64 31 1 51 3 39 27 89 22 
45 17 58 73 19 26 60 94 83 73 97 56 40 45 35 9 16 12 37 18 
75 44 9 2 96 93 50 85 3 83 43 41 15 42 14 61 70 36 23 76 
0 0 0 0 0 0 0 0 0 0 0 0 0 0 0 1 0 0 0 0 
82 92 56 49 50 92 23 36 69 59 30 61 37 48 93 5 72 60 64 3 
29 20 14 2 78 85 23 75 72 54 35 26 68 52 51 36 68 79 26 61 
41 17 11 0 90 35 29 50 9 54 25 24 30 82 100 60 71 2 37 65 
64 50 15 88 70 3 12 53 75 40 97 61 83 36 82 57 6 18 46 89 
20
1 0 0 0 0 0 0 0 0 0 0 0 0 0 0 0 0 0 0 0 
0 1 0 0 0 0 0 0 0 0 0 0 0 0 0 0 0 0 0 0 
18 0 28 72 85 12 12 20 94 68 2 20 49 61 69 55 26 2 56 88 
62 33 71 98 27 86 90 41 56 70 99 7 90 86 96 0 53 98 98 30 
51 2 13 6 83 28 19 44 35 100 92 52 88 94 56 63 75 49 5 62 
19 4 55 52 3 78 96 53 91 44 65 8 86 89 68 69 53 4 24 49 
99 91 36 79 97 27 68 58 20 17 68 8 5 26 94 20 37 40 61 2 
53 46 96 43 1 24 30 32 90 73 24 45 64 96 89 15 17 4 61 13 
53 56 8 100 74 41 32 43 100 81 55 31 85 16 91 84 4 13 55 83 
71 38 99 60 82 56 5 19 8 46 87 39 43 67 39 3 64 73 44 87 
96 43 79 57 94 71 72 14 51 22 97 80 46 26 51 82 37 31 96 30 
0 0 0 0 0 0 0 0 0 0 0 1 0 0 0 0 0 0 0 0 
0 0 0 0 0 0 0 0 0 0 0 0 1 0 0 0 0 0 0 0 
6 99 44 1 86 2 4 85 81 87 46 69 9 39 11 50 24 18 60 66 
12 88 42 64 80 65 71 6 93 33 71 60 33 62 70 29 62 98 58 10 
10 72 35 43 80 57 3 20 82 86 88 73 66 33 36 62 64 0 8 18 
41 45 55 30 78 22 77 40 80 91 3 52 76 6 25 42 69 37 23 66 
99 10 50 14 93 54 25 76 20 65 49 95 98 9 96 73 53 64 49 35 
0 0 0 0 0 0 0 0 0 0 0 0 0 0 0 0 0 0 1 0 
100 55 90 73 11 91 5 98 69 10 79 87 93 44 84 18 62 89 36 32 
20
1 0 0 0 0 0 0 0 0 0 0 0 0 0 0 0 0 0 0 0 
22 38 38 40 13 82 22 36 1 1 66 28 14 74 84 4 11 41 64 73 
36 72 96 86 26 21 18 11 39 39 57 46 37 83 28 41 91 83 9 84 
3 20 32 51 90 40 14 6 32 63 63 54 99 65 93 47 70 27 90 82 
60 100 32 92 27 60 10 76 59 83 35 8 74 37 35 25 31 75 73 41 
55 52 25 35 98 38 79 56 63 30 49 0 88 34 0 97 11 98 7 86 
76 24 3 72 12 35 37 87 8 87 43 100 81 12 61 20 80 25 57 78 
55 36 66 40 21 31 53 4 17 28 27 69 75 2 37 73 86 11 78 30 
45 10 18 67 32 46 9 39 94 38 38 100 5 44 32 14 16 54 100 16 
2 19 20 1 13 87 85 22 40 62 52 33 91 85 46 82 100 24 96 31 
0 0 0 0 0 0 0 0 0 0 1 0 0 0 0 0 0 0 0 0 
44 62 44 17 45 92 95 18 54 25 89 23 14 37 99 83 63 75 29 10 
23 75 39 85 1 5 58 2 81 92 19 31 25 35 57 49 90 15 14 25 
0 0 0 0 0 0 0 0 0 0 0 0 0 1 0 0 0 0 0 0 
0 0 0 0 0 0 0 0 0 0 0 0 0 0 1 0 0 0 0 0 
35 11 100 52 51 30 40 30 19 43 97 92 98 60 87 18 42 30 78 74 
3 10 80 29 65 29 28 11 23 61 58 16 54 29 82 47 5 32 32 22 
29 68 57 55 95 15 29 60 63 8 74 67 59 89 43 46 28 41 92 71 
46 86 47 65 66 0 20 51 90 37 29 4 71 57 81 36 62 84 70 49 
90 59 53 26 9 2 41 97 54 63 19 15 11 3 6 31 21 89 49 27 
20
1 0 0 0 0 0 0 0 0 0 0 0 0 0 0 0 0 0 0 0 
55 98 67 63 19 71 32 73 43 77 95 36 100 12 7 92 83 4 46 63 
61 50 43 99 11 19 87 94 37 75 0 25 31 38 15 64 65 9 29 85 
76 61 34 72 78 87 9 98 77 32 12 47 39 33 46 48 18 5 37 36 
19 74 46 45 55 51 9 62 70 40 64 80 80 5 63 31 47 30 68 36 
95 67 25 38 85 9 48 64 91 27 15 99 31 85 37 46 86 28 12 35 
56 52 64 52 82 41 72 3 37 31 5 94 89 60 10 43 46 29 11 18 
4 76 13 8 17 80 1 36 92 82 50 49 43 34 37 65 0 86 32 18 
55 1 82 74 91 53 54 85 20 16 14 12 32 82 9 95 19 63 91 72 
71 99 87 97 11 97 84 58 88 25 51 100 69 60 72 62 48 14 46 61 
49 38 34 89 79 57 66 7 81 16 24 73 21 52 47 57 49 33 53 81 
83 38 82 2 56 5 48 0 50 50 65 80 40 98 75 66 74 43 74 87 
69 35 41 71 51 6 10 35 79 52 0 68 22 96 77 90 44 36 83 23 
21 86 51 21 67 3 52 34 67 100 61 26 90 33 15 89 52 56 34 83 
29 19 58 58 34 57 58 11 78 18 61 78 73 36 79 25 49 80 98 58 
88 26 18 91 21 80 37 71 67 20 56 47 16 10 25 7 66 84 67 97 
71 41 34 59 42 45 56 19 8 46 56 91 14 84 12 99 2 24 59 71 
0 0 0 0 0 0 0 0 0 0 0 0 0 0 0 0 0 1 0 0 
45 69 25 18 33 16 10 12 92 46 19 14 52 74 63 68 14 36 81 22 
35 5 28 2 73 73 63 32 49 41 17 66 49 87 77 98 84 34 62 49 
20
1 0 0 0 0 0 0 0 0 0 0 0 0 0 0 0 0 0 0 0 
9 56 85 12 68 82 24 49 54 14 60 24 54 9 59 85 36 26 91 65 
50 1 85 15 36 73 30 95 32 34 52 93 92 90 89 11 28 32 85 12 
46 46 67 62 68 25 36 59 87 13 25 93 46 67 0 78 27 23 31 59 
30 12 56 38 50 89 87 28 25 18 96 98 64 56 43 8 97 17 59 41 
45 62 25 73 2 57 32 56 95 47 20 2 15 83 80 18 63 97 56 27 
71 3 47 5 3 56 27 18 36 32 55 31 6 34 31 25 21 51 4 19 
34 4 18 86 1 6 19 45 86 79 57 26 99 63 36 86 42 34 32 60 
71 75 0 43 22 81 59 56 68 93 25 49 89 11 51 77 57 45 65 16 
80 95 62 18 77 23 54 80 7 94 35 42 44 28 26 100 91 70 84 4 
33 31 86 78 34 99 67 7 95 35 42 19 6 66 45 48 4 8 1 89 
36 47 20 54 6 71 27 32 16 12 9 21 35 91 64 70 96 52 69 85 
43 49 17 29 70 12 52 2 93 78 8 61 80 31 40 69 36 89 7 44 
88 14 90 61 4 43 28 79 70 47 88 41 9 98 10 92 80 75 65 74 
0 0 0 0 0 0 0 0 0 0 0 0 0 0 1 0 0 0 0 0 
54 44 98 71 82 20 30 51 39 70 37 56 23 13 52 83 14 63 60 51 
89 19 64 72 75 81 41 21 96 92 89 64 56 89 97 76 71 16 89 41 
24 30 40 24 87 45 92 52 16 24 23 12 86 22 28 25 68 2 71 90 
74 30 18 14 21 76 40 36 70 21 97 64 91 10 61 66 54 25 95 70 
94 41 77 20 46 45 80 51 22 94 39 60 28 46 90 100 5 33 50 93 
20
1 0 0 0 0 0 0 0 0 0 0 0 0 0 0 0 0 0 0 0 
70 77 77 31 52 29 39 60 99 4 72 4 18 39 20 90 78 45 13 5 
32 2 23 87 8 66 12 96 66 32 47 72 61 46 58 83 46 86 52 92 
36 36 74 56 85 60 38 23 3 44 34 46 75 63 72 6 14 0 80 62 
7 93 15 37 61 76 65 14 38 71 83 46 54 4 91 36 93 30 70 90 
0 0 0 0 0 1 0 0 0 0 0 0 0 0 0 0 0 0 0 0 
0 0 0 0 0 0 1 0 0 0 0 0 0 0 0 0 0 0 0 0 
78 79 98 63 58 44 61 82 18 7 29 94 73 3 89 45 25 45 24 39 
42 26 29 10 7 86 61 100 72 49 47 51 64 100 59 79 0 69 85 74 
22 76 50 28 57 1 37 53 100 15 29 64 85 51 55 80 3 97 87 33 
81 40 38 57 43 39 18 2 8 67 25 43 90 73 66 8 46 45 71 7 
17 35 31 51 87 50 73 64 79 9 14 89 81 33 88 15 19 3 60 7 
63 79 70 43 44 90 27 23 34 5 54 82 75 73 16 95 16 69 52 37 
65 81 5 71 54 38 93 7 15 9 22 68 43 64 44 36 17 73 38 72 
23 67 94 26 59 89 33 7 72 31 4 83 11 97 26 49 96 26 38 82 
0 0 0 0 0 0 0 0 0 0 0 0 0 0 0 1 0 0 0 0 
88 16 28 25 58 81 52 35 62 26 99 41 34 21 34 99 80 98 9 77 
54 70 22 4 92 50 88 62 8 9 73 7 62 49 87 88 90 33 63 9 
64 47 79 51 23 7 23 98 81 86 50 75 91 64 95 28 14 25 53 83 
14 37 37 46 96 67 26 58 94 65 40 70 10 98 74 27 37 54 37 85 
20
1 0 0 0 0 0 0 0 0 0 0 0 0 0 0 0 0 0 0 0 
19 98 46 3 27 79 70 10 36 27 12 1 70 96 7 82 19 33 36 77 
24 16 33 11 29 51 37 53 37 28 39 1 25 92 10 11 4 63 56 29 
45 76 10 24 16 22 2 99 76 18 25 52 57 93 84 44 72 16 94 67 
74 18 19 22 77 57 50 68 0 23 78 64 11 16 37 44 59 17 87 15 
0 0 0 0 0 1 0 0 0 0 0 0 0 0 0 0 0 0 0 0 
67 12 14 27 3 35 84 79 75 46 41 53 10 71 60 99 25 48 68 11 
0 0 0 0 0 0 0 1 0 0 0 0 0 0 0 0 0 0 0 0 
0 0 0 0 0 0 0 0 1 0 0 0 0 0 0 0 0 0 0 0 
47 13 48 45 4 78 66 68 57 60 49 23 69 44 13 51 31 6 84 46 
26 12 9 14 41 83 75 39 54 72 26 19 82 67 60 26 31 88 48 49 
0 0 0 0 0 0 0 0 0 0 0 1 0 0 0 0 0 0 0 0 
91 15 45 28 98 99 52 72 37 3 88 46 12 39 71 50 33 55 24 20 
56 66 38 89 14 50 37 45 23 86 60 27 23 86 60 2 28 74 56 33 
92 83 88 49 82 75 65 47 60 96 89 32 18 6 5 39 25 26 50 30 
61 21 5 37 84 46 73 19 44 38 83 90 48 24 86 12 66 64 63 28 
19 25 37 98 45 93 47 69 74 97 6 96 10 50 8 66 93 19 0 77 
53 97 79 83 91 98 8 51 93 82 19 60 39 92 48 11 52 39 83 7 
5 42 92 1 50 79 28 11 9 18 61 79 76 93 93 24 8 20 50 33 
79 55 47 10 79 91 79 18 10 87 21 35 70 3 89 68 40 82 12 32 
20
1 0 0 0 0 0 0 0 0 0 0 0 0 0 0 0 0 0 0 0 
87 16 17 29 84 47 49 79 67 97 9 31 48 25 52 76 88 29 37 99 
23 29 1 75 65 72 88 82 57 45 87 39 70 11 24 88 51 95 76 9 
43 60 6 83 38 8 60 49 61 97 25 39 95 31 40 40 1 24 89 38 
91 53 34 1 39 92 19 73 54 79 28 76 69 65 27 78 10 41 50 70 
66 96 80 33 51 1 86 74 88 55 79 11 1 6 79 65 53 29 83 90 
51 61 19 90 34 57 82 36 42 33 64 52 61 35 45 65 36 51 89 17 
25 95 34 3 61 87 79 73 32 30 34 86 75 95 2 49 89 93 39 45 
0 0 0 0 0 0 0 0 1 0 0 0 0 0 0 0 0 0 0 0 
43 39 94 46 74 86 80 71 4 31 76 37 87 15 90 56 2 69 92 13 
9 17 93 91 7 6 55 93 32 24 87 24 32 70 30 66 24 57 72 57 
0 0 0 0 0 0 0 0 0 0 0 1 0 0 0 0 0 0 0 0 
84 71 68 99 31 86 54 84 16 70 70 61 51 13 46 48 44 15 26 32 
0 0 0 0 0 0 0 0 0 0 0 0 0 1 0 0 0 0 0 0 
61 68 5 29 69 36 25 23 85 76 76 60 4 59 43 40 56 26 71 87 
40 43 68 8 2 54 3 47 70 50 45 49 83 71 77 0 13 72 63 44 
51 84 36 79 12 70 39 70 19 89 29 18 65 55 15 25 35 43 54 79 
58 67 14 57 10 65 72 35 39 45 64 69 22 92 53 32 26 64 15 42 
42 47 25 41 64 4 36 60 50 73 87 77 57 22 39 65 21 45 97 93 
58 15 23 82 37 15 70 94 58 73 52 42 87 10 95 7 66 80 99 45 
20
1 0 0 0 0 0 0 0 0 0 0 0 0 0 0 0 0 0 0 0 
67 45 47 75 19 54 6 36 35 43 66 88 12 82 2 72 77 57 69 20 
38 37 50 5 53 98 14 20 27 52 68 20 13 35 80 32 97 98 22 36 
36 41 50 93 95 38 24 76 56 44 18 11 68 53 90 28 42 9 32 50 
0 0 0 0 1 0 0 0 0 0 0 0 0 0 0 0 0 0 0 0 
28 76 42 30 1 64 93 77 56 2 34 6 89 37 34 9 53 15 71 51 
18 12 95 26 63 49 41 59 54 65 33 13 85 74 60 41 14 82 12 55 
14 62 24 16 17 47 39 92 45 34 5 90 61 94 57 57 24 79 31 73 
83 46 16 34 49 46 61 94 35 0 26 49 83 64 86 38 78 75 30 77 
0 0 0 0 0 0 0 0 0 1 0 0 0 0 0 0 0 0 0 0 
0 0 0 0 0 0 0 0 0 0 1 0 0 0 0 0 0 0 0 0 
27 21 14 54 83 85 2 52 62 93 62 78 34 12 97 39 73 4 8 39 
59 71 88 40 38 12 52 16 23 35 22 91 99 46 67 27 82 43 81 93 
0 14 68 79 56 99 8 20 66 17 90 38 27 3 60 74 97 51 66 5 
46 35 48 85 32 36 77 97 85 39 40 1 52 67 26 12 60 90 12 71 
0 0 0 0 0 0 0 0 0 0 0 0 0 0 0 1 0 0 0 0 
64 100 27 33 62 100 8 33 26 1 80 97 12 20 0 43 36 54 15 7 
11 52 57 28 26 15 28 54 33 52 86 20 27 69 94 72 63 52 40 78 
28 79 10 56 26 36 60 78 92 69 54 60 59 58 4 38 0 13 54 48 
97 49 80 9 81 15 5 48 84 4 76 1 53 98 52 37 79 32 80 90 
20
1 0 0 0 0 0 0 0 0 0 0 0 0 0 0 0 0 0 0 0 
0 1 0 0 0 0 0 0 0 0 0 0 0 0 0 0 0 0 0 0 
85 78 88 54 69 92 77 89 23 7 11 18 8 32 29 76 42 83 84 56 
81 34 4 11 14 8 86 43 92 57 93 57 73 33 0 45 75 15 65 45 
0 0 0 0 1 0 0 0 0 0 0 0 0 0 0 0 0 0 0 0 
98 63 33 27 39 17 91 26 19 92 78 65 52 96 99 41 0 97 90 21 
15 30 73 27 63 8 58 62 41 71 25 76 67 62 32 5 23 11 54 67 
72 96 10 96 46 69 67 94 51 3 65 58 64 79 77 78 81 45 39 72 
79 91 70 16 32 40 86 50 26 38 20 85 66 91 54 68 81 3 40 46 
18 13 60 0 98 40 38 62 80 18 8 69 42 29 10 76 65 92 22 22 
0 0 0 0 0 0 0 0 0 0 1 0 0 0 0 0 0 0 0 0 
96 39 90 62 99 50 41 86 20 49 62 79 79 24 56 70 23 2 68 27 
79 33 0 98 38 23 62 14 73 59 8 85 19 42 97 72 87 40 68 63 
0 0 0 0 0 0 0 0 0 0 0 0 0 1 0 0 0 0 0 0 
66 42 71 93 3 23 9 55 3 63 90 9 74 23 75 40 55 22 87 79 
58 65 34 85 33 53 37 77 17 27 0 1 80 26 24 19 18 98 83 0 
66 36 53 64 53 81 42 27 35 23 93 77 43 46 25 93 10 20 26 10 
99 37 86 43 33 22 30 36 91 64 86 37 74 61 51 56 89 23 55 19 
0 0 0 0 0 0 0 0 0 0 0 0 0 0 0 0 0 0 1 0 
66 31 38 9 79 9 1 37 41 74 52 74 71 57 49 93 59 67 34 63 
20
1 0 0 0 0 0 0 0 0 0 0 0 0 0 0 0 0 0 0 0 
30 13 26 39 31 86 16 71 60 9 54 5 4 61 65 44 57 77 92 65 
0 0 1 0 0 0 0 0 0 0 0 0 0 0 0 0 0 0 0 0 
56 64 49 69 83 44 19 38 26 93 40 16 86 5 19 3 71 34 7 93 
34 74 26 1 48 44 27 19 13 78 72 12 95 74 1 27 79 9 9 88 
95 40 35 65 73 53 33 58 71 28 55 63 69 99 82 47 91 29 17 98 
68 23 95 3 37 38 86 12 100 4 100 90 7 33 16 73 72 35 72 61 
95 56 21 6 90 63 60 75 53 68 53 32 82 38 2 47 0 22 58 10 
79 50 49 98 23 26 30 32 72 24 62 80 41 87 32 47 41 10 3 65 
0 0 0 0 0 0 0 0 0 1 0 0 0 0 0 0 0 0 0 0 
39 51 76 40 92 4 12 46 34 67 12 57 26 38 18 66 33 94 22 23 
89 73 82 39 37 85 1 12 44 22 1 6 13 88 89 19 73 43 20 91 
78 65 3 81 14 84 88 17 87 4 90 24 40 71 61 2 70 75 17 6 
43 40 36 38 29 60 87 20 80 2 21 73 17 11 5 52 83 39 16 70 
67 98 84 100 34 97 49 75 27 16 95 7 17 89 20 21 15 36 48 52 
92 0 21 80 11 44 25 73 18 5 87 4 60 53 36 32 83 42 28 99 
81 36 32 68 12 19 63 3 85 21 71 22 57 94 48 92 93 20 82 87 
0 0 0 0 0 0 0 0 0 0 0 0 0 0 0 0 0 1 0 0 
1 98 24 19 36 5 1 59 69 73 30 10 11 50 76 57 66 28 82 1 
80 14 97 4 37 15 40 75 45 97 34 24 83 66 56 76 18 46 31 68 
20
1 0 0 0 0 0 0 0 0 0 0 0 0 0 0 0 0 0 0 0 
60 92 22 46 0 74 21 91 96 92 48 53 98 89 85 62 15 71 12 60 
33 92 75 43 22 86 71 44 28 16 59 78 70 100 53 20 49 10 47 22 
18 95 12 26 40 25 99 61 24 84 14 39 82 71 11 32 42 64 88 9 
51 53 25 20 93 83 43 66 97 100 94 71 70 49 37 76 72 42 6 56 
8 65 5 71 83 41 47 75 16 55 81 70 50 96 21 98 81 94 80 47 
0 0 0 0 0 0 1 0 0 0 0 0 0 0 0 0 0 0 0 0 
38 66 15 71 44 66 51 59 95 55 1 63 38 60 77 83 70 51 9 42 
0 66 92 89 34 1 20 91 78 57 9 25 14 11 97 89 31 74 38 44 
25 80 61 41 69 72 82 31 72 52 37 29 22 4 53 3 93 76 88 57 
0 0 0 0 0 0 0 0 0 0 1 0 0 0 0 0 0 0 0 0 
91 68 69 6 83 32 84 49 6 36 40 49 19 84 39 17 98 66 2 56 
87 32 12 63 64 52 20 82 17 14 61 3 62 89 28 85 44 78 16 43 
92 53 4 2 35 44 68 8 37 30 4 1 61 99 80 46 67 91 61 71 
65 65 34 10 68 0 54 72 99 21 63 18 68 94 18 90 16 56 79 38 
87 41 79 37 82 95 27 31 30 57 48 7 48 38 79 0 32 84 69 15 
36 43 28 17 53 17 19 77 86 50 11 44 26 31 70 48 41 11 93 78 
0 0 0 0 0 0 0 0 0 0 0 0 0 0 0 0 0 1 0 0 
0 0 0 0 0 0 0 0 0 0 0 0 0 0 0 0 0 0 1 0 
88 86 58 24 84 60 37 39 82 89 61 88 99 31 82 81 46 24 48 78 
20
1 0 0 0 0 0 0 0 0 0 0 0 0 0 0 0 0 0 0 0 
84 47 59 2 65 62 46 13 50 91 92 96 5 57 59 3 71 26 76 54 
10 35 85 50 31 59 86 77 25 31 4 24 45 5 96 77 32 62 49 73 
56 93 17 26 18 99 53 72 51 12 88 41 11 5 81 26 31 60 57 45 
71 39 92 63 42 54 30 25 66 87 82 12 28 51 39 27 41 74 38 47 
0 0 0 0 0 1 0 0 0 0 0 0 0 0 0 0 0 0 0 0 
77 44 33 56 54 75 22 25 26 28 2 12 2 64 64 55 46 22 88 64 
32 51 30 46 20 41 80 77 5 100 62 64 70 79 55 78 29 75 9 37 
0 0 0 0 0 0 0 0 1 0 0 0 0 0 0 0 0 0 0 0 
0 0 0 0 0 0 0 0 0 1 0 0 0 0 0 0 0 0 0 0 
50 64 83 23 91 63 90 88 69 16 41 90 96 31 7 23 35 58 77 26 
71 16 16 93 91 99 9 76 11 94 36 14 13 64 42 90 27 78 47 33 
64 96 86 12 89 73 22 52 40 67 81 51 22 29 29 67 39 74 21 94 
0 0 0 0 0 0 0 0 0 0 0 0 0 1 0 0 0 0 0 0 
78 35 3 67 81 6 27 97 90 3 98 0 44 15 7 19 53 89 35 24 
54 12 27 92 81 67 25 44 89 77 62 7 41 59 38 84 23 36 53 39 
59 44 96 87 74 73 18 31 25 63 74 71 62 39 85 60 72 55 28 75 
82 23 82 85 18 78 48 81 35 94 67 8 25 94 48 26 6 46 82 25 
15 35 83 20 53 19 94 24 86 80 7 82 89 95 52 75 20 8 83 86 
9 20 88 93 91 33 54 50 63 60 51 26 51 56 69 38 80 88 54 75 
20
1 0 0 0 0 0 0 0 0 0 0 0 0 0 0 0 0 0 0 0 
25 14 30 39 78 100 27 97 59 87 85 59 41 3 77 39 68 17 57 49 
0 0 1 0 0 0 0 0 0 0 0 0 0 0 0 0 0 0 0 0 
0 4 77 54 25 76 9 3 4 24 79 5 8 55 3 2 14 39 16 43 
57 25 86 70 75 55 27 81 10 57 2 17 59 78 47 44 60 18 48 98 
19 86 60 7 97 99 81 34 65 4 23 77 99 87 71 62 81 69 40 51 
54 53 7 21 68 32 54 1 73 63 34 80 5 39 29 61 8 95 38 17 
45 28 32 77 44 14 88 15 17 11 18 90 89 71 68 36 14 37 33 90 
11 26 86 12 87 30 47 92 19 50 42 4 74 77 40 78 48 46 85 12 
50 44 21 34 40 37 76 48 38 10 50 97 82 70 45 29 99 76 55 8 
34 11 33 8 77 60 13 82 73 61 64 25 29 43 60 77 90 12 79 49 
55 100 71 99 86 41 33 51 93 30 23 24 60 95 34 11 33 28 30 32 
63 99 31 74 96 56 90 87 64 55 77 43 71 79 32 95 14 61 61 32 
87 90 47 99 51 65 33 2 13 6 39 100 8 2 89 5 0 64 57 43 
34 89 29 17 64 99 33 37 100 40 1 14 22 27 70 61 33 3 74 4 
0 0 0 0 0 0 0 0 0 0 0 0 0 0 0 1 0 0 0 0 
0 0 0 0 0 0 0 0 0 0 0 0 0 0 0 0 1 0 0 0 
51 4 6 59 94 19 85 8 86 23 72 71 20 3 25 96 95 61 1 3 
41 32 10 22 10 9 79 78 69 55 36 95 77 62 51 80 75 80 21 28 
30 76 98 94 79 25 3 72 72 49 41 66 94 72 75 30 91 36 62 9 
20
1 0 0 0 0 0 0 0 0 0 0 0 0 0 0 0 0 0 0 0 
51 65 9 45 82 4 3 97 55 30 34 21 31 94 92 46 87 94 87 31 
43 71 55 24 68 74 2 79 64 78 94 84 90 63 67 49 68 95 75 97 
52 15 100 89 27 30 54 36 35 44 6 8 100 61 8 64 17 60 41 11 
85 37 4 37 50 13 56 3 16 25 30 76 18 45 86 61 74 5 82 78 
96 38 48 53 100 71 53 89 25 35 13 9 13 30 41 75 59 56 89 5 
82 70 35 59 50 65 13 35 42 2 86 50 5 60 100 72 58 17 44 54 
89 62 8 90 96 26 78 18 95 12 44 69 70 44 88 20 99 56 29 18 
26 25 29 70 53 36 33 26 87 63 30 86 92 29 98 47 44 58 79 31 
0 0 0 0 0 0 0 0 0 1 0 0 0 0 0 0 0 0 0 0 
34 41 80 61 14 17 99 79 98 86 97 8 11 82 54 43 3 16 50 90 
64 51 27 93 0 70 34 49 11 52 56 40 28 15 61 3 73 75 21 67 
48 14 29 89 76 86 1 26 47 60 54 33 7 14 59 58 5 42 18 29 
1 47 61 46 66 49 24 58 49 66 91 92 68 18 31 24 14 76 5 22 
0 0 0 0 0 0 0 0 0 0 0 0 0 0 1 0 0 0 0 0 
6 94 62 12 43 25 69 99 22 32 68 64 56 37 90 97 57 55 65 65 
13 48 83 70 8 73 26 64 1 48 91 100 27 28 23 55 85 62 90 53 
25 91 95 82 47 57 59 6 99 2 93 85 83 15 51 9 78 80 26 65 
41 27 98 41 27 42 20 75 27 42 6 69 53 79 97 24 7 0 21 28 
66 51 40 99 92 45 96 14 20 10 54 30 72 100 2 27 12 40 41 88 
20
1 0 0 0 0 0 0 0 0 0 0 0 0 0 0 0 0 0 0 0 
55 84 67 36 82 50 11 26 11 91 70 18 90 11 87 51 91 52 99 73 
70 22 10 96 0 29 13 90 62 90 65 78 55 89 95 27 78 77 81 30 
0 0 0 1 0 0 0 0 0 0 0 0 0 0 0 0 0 0 0 0 
0 0 0 0 1 0 0 0 0 0 0 0 0 0 0 0 0 0 0 0 
68 96 54 17 41 50 43 70 43 69 28 61 93 58 100 45 56 11 60 80 
22 96 40 78 2 86 35 92 72 76 4 30 84 92 65 67 53 63 31 48 
0 11 14 19 9 29 56 55 11 84 16 89 20 17 44 1 17 27 34 36 
30 1 43 23 24 31 3 21 97 82 68 52 68 8 33 15 88 50 63 45 
99 68 34 34 79 52 33 1 84 62 38 89 53 28 83 83 38 49 86 30 
0 0 0 0 0 0 0 0 0 0 1 0 0 0 0 0 0 0 0 0 
19 21 58 20 38 96 94 59 71 29 64 29 85 80 41 12 74 21 85 28 
32 35 59 77 79 69 86 2 26 44 27 56 57 24 13 87 34 91 27 22 
21 94 40 84 7 22 6 58 45 85 2 36 93 22 66 71 31 68 13 16 
60 20 71 18 24 60 40 74 85 69 93 91 73 16 81 30 36 0 46 99 
38 41 78 18 9 60 25 37 32 0 75 35 40 49 8 45 26 94 10 29 
0 0 0 0 0 0 0 0 0 0 0 0 0 0 0 0 1 0 0 0 
90 19 87 46 7 31 33 88 44 11 54 91 20 6 93 32 90 29 4 68 
7 74 4 100 44 6 57 21 4 37 96 32 38 88 83 68 61 95 28 54 
71 78 47 92 90 55 15 3 51 64 20 14 80 91 76 51 67 6 10 81 
20
1 0 0 0 0 0 0 0 0 0 0 0 0 0 0 0 0 0 0 0 
20 67 54 49 71 70 78 74 65 27 97 68 41 50 25 6 58 35 94 38 
88 18 90 21 36 29 28 53 98 75 55 84 7 2 13 50 19 93 64 27 
99 100 4 74 55 46 45 74 9 94 34 34 75 81 88 95 90 53 67 48 
37 76 24 43 66 69 66 38 56 19 73 6 23 53 29 40 71 45 9 52 
11 29 51 14 50 97 69 72 59 66 2 46 50 34 65 47 55 31 19 66 
51 7 23 1 22 67 67 66 22 80 84 10 66 45 84 11 0 83 96 35 
55 32 47 14 61 69 78 86 24 58 57 53 32 41 69 27 45 95 6 87 
56 56 52 64 65 45 64 97 11 22 46 66 27 1 36 51 100 89 65 100 
0 0 0 0 0 0 0 0 0 1 0 0 0 0 0 0 0 0 0 0 
7 3 37 31 50 32 94 72 52 95 36 37 21 31 45 82 82 49 83 57 
43 4 31 25 40 81 87 9 93 29 76 71 4 25 61 52 27 54 86 58 
50 77 51 84 7 99 43 52 65 80 46 44 91 65 95 93 52 44 92 26 
35 73 32 57 4 19 12 86 35 26 22 23 29 66 0 79 2 60 53 76 
0 0 0 0 0 0 0 0 0 0 0 0 0 0 1 0 0 0 0 0 
98 79 66 62 58 89 80 17 20 51 96 75 96 76 35 62 52 20 43 46 
0 0 0 0 0 0 0 0 0 0 0 0 0 0 0 0 1 0 0 0 
0 0 0 0 0 0 0 0 0 0 0 0 0 0 0 0 0 1 0 0 
10 33 38 77 62 66 98 95 45 86 24 33 9 2 26 63 83 67 5 20 
20 14 52 68 0 39 58 2 1 64 6 59 90 18 96 61 79 30 79 5 