10
20
1 0 0 0 0 0 0 0 0 0 0 0 0 0 0 0 0 0 0 0 
43 98 56 54 88 79 69 86 52 52 50 54 18 5 54 22 81 57 34 50 
79 30 55 72 8 71 96 57 67 10 93 68 23 9 58 16 36 12 74 38 
84 45 68 98 81 39 94 56 59 40 80 14 1 81 21 78 54 52 23 61 
47 99 82 4 59 20 40 99 26 29 65 59 51 14 67 63 11 91 42 73 
100 96 57 5 14 26 48 25 34 36 57 58 94 37 50 56 90 54 68 35 
0 0 0 0 0 0 1 0 0 0 0 0 0 0 0 0 0 0 0 0 
93 40 33 34 3 96 16 20 1 87 54 45 90 70 58 10 13 29 12 81 
63 45 6 89 0 68 40 59 95 52 37 48 23 70 24 5 1 27 94 67 
13 59 4 8 5 9 26 8 65 18 16 69 20 67 59 34 87 84 10 5 
67 100 77 39 86 89 10 25 75 89 91 32 25 95 17 86 64 9 55 69 
48 47 36 99 9 1 90 26 83 28 66 44 40 36 57 57 98 15 89 85 
0 0 0 0 0 0 0 0 0 0 0 0 1 0 0 0 0 0 0 0 
45 82 71 61 32 26 5 17 13 31 91 40 34 82 5 74 27 39 55 60 
29 91 0 11 97 7 76 55 54 18 67 80 72 44 44 54 92 14 18 63 
26 46 78 31 47 20 21 32 0 90 46 31 23 21 75 0 74 69 57 14 
69 16 35 2 54 99 46 47 18 54 21 42 65 41 46 46 87 45 46 27 
78 62 20 53 57 90 82 97 28 12 97 89 36 54 32 68 99 25 3 6 
0 0 0 0 0 0 0 0 0 0 0 0 0 0 0 0 0 0 1 0 
85 41 18 53 96 16 78 64 38 18 69 22 2 45 56 0 39 91 9 32 
20
1 0 0 0 0 0 0 0 0 0 0 0 0 0 0 0 0 0 0 0 
56 37 96 25 100 31 14 64 56 65 49 50 98 59 80 36 86 46 98 97 
39 15 12 60 67 55 7 63 35 4 10 24 76 10 79 74 73 80 58 73 
66 31 17 4 50 67 26 71 4 90 41 47 18 75 88 63 16 28 46 65 
13 99 90 6 63 42 76 8 63 28 16 42 34 80 80 70 47 24 97 7 
66 52 22 1 38 82 96 34 100 80 20 25 49 29 31 55 64 58 83 59 
0 84 89 83 45 75 80 73 97 0 95 86 86 79 89 21 97 22 5 94 
42 13 4 6 93 43 88 96 15 27 34 59 0 59 43 43 46 89 29 47 
99 24 60 21 2 68 60 73 74 95 46 100 35 36 16 79 56 48 24 52 
0 0 0 0 0 0 0 0 0 1 0 0 0 0 0 0 0 0 0 0 
26 34 71 80 33 68 98 61 27 54 85 17 8 78 62 36 64 77 18 98 
4 74 45 58 26 78 78 48 3 20 94 61 46 84 30 41 100 55 59 87 
57 64 65 48 83 45 18 81 5 93 86 72 53 67 71 47 19 99 86 47 
90 82 78 27 90 71 78 99 10 95 41 24 99 3 0 22 9 90 41 28 
56 57 77 31 71 50 81 68 15 49 66 71 41 87 87 87 24 97 20 18 
12 54 13 69 59 15 0 96 91 41 73 15 87 85 49 69 14 60 4 100 
31 65 95 53 40 74 5 5 78 61 73 72 28 100 12 29 3 38 1 91 
4 93 98 60 28 18 68 47 98 72 51 30 5 35 78 7 28 37 72 57 
97 32 37 89 67 98 72 26 89 96 42 100 40 20 18 55 78 76 45 79 
94 81 98 32 22 89 36 65 95 2 3 10 95 29 39 77 6 52 25 97 
20
1 0 0 0 0 0 0 0 0 0 0 0 0 0 0 0 0 0 0 0 
92 96 57 26 52 100 63 50 75 50 59 57 73 95 73 56 80 4 7 50 
87 47 43 99 14 33 55 37 73 42 37 30 11 81 17 95 13 61 74 9 
22 54 18 47 74 100 37 50 61 67 45 100 66 87 16 96 5 96 31 57 
51 42 66 11 95 40 50 89 66 84 33 57 63 24 76 5 38 12 53 43 
88 88 67 64 74 2 35 26 84 82 36 68 19 83 98 12 79 8 93 43 
0 0 0 0 0 0 1 0 0 0 0 0 0 0 0 0 0 0 0 0 
38 80 54 69 79 87 93 91 10 24 73 74 91 4 78 10 19 79 29 51 
44 77 83 59 49 61 1 68 71 43 43 44 84 47 37 20 99 33 98 40 
98 76 54 44 68 58 35 64 20 18 3 23 62 93 53 34 29 70 99 86 
86 53 1 7 51 20 42 31 31 65 7 57 98 88 48 40 47 81 54 38 
0 0 0 0 0 0 0 0 0 0 0 1 0 0 0 0 0 0 0 0 
24 86 72 0 42 20 35 3 51 28 54 90 10 9 74 7 3 36 68 34 
18 13 100 40 79 2 60 7 49 24 45 56 1 14 35 53 68 23 77 12 
69 81 70 91 23 9 69 85 33 79 68 33 50 10 78 35 24 8 65 91 
6 54 23 2 32 19 7 76 64 87 89 16 69 12 74 39 24 38 0 2 
88 78 10 10 56 98 99 84 13 2 75 87 92 31 86 3 67 22 52 80 
0 0 0 0 0 0 0 0 0 0 0 0 0 0 0 0 0 1 0 0 
94 84 18 98 19 68 98 58 71 85 99 18 40 60 52 83 31 54 80 22 
31 55 78 15 18 65 39 67 70 7 1 1 87 71 62 94 82 65 10 57 
20
1 0 0 0 0 0 0 0 0 0 0 0 0 0 0 0 0 0 0 0 
0 1 0 0 0 0 0 0 0 0 0 0 0 0 0 0 0 0 0 0 
53 76 97 96 83 24 26 50 14 26 71 0 52 29 11 34 34 3 16 97 
83 17 84 14 50 64 98 67 62 66 78 25 47 28 95 75 23 80 92 78 
81 81 32 67 58 38 79 40 45 37 61 94 37 30 67 4 35 62 75 21 
75 21 27 15 71 57 62 70 4 18 79 69 99 9 23 2 11 9 43 0 
3 46 10 96 44 8 60 28 94 27 28 32 19 36 24 51 55 67 95 79 
6 32 58 5 70 29 30 99 45 42 50 33 78 81 29 41 53 7 26 94 
84 34 35 91 21 57 99 49 92 94 8 54 74 18 34 32 88 50 44 52 
84 45 97 44 9 82 94 41 79 56 52 27 26 33 74 27 54 2 86 40 
88 8 7 77 100 90 38 66 88 22 37 78 87 23 36 17 70 18 78 63 
0 0 0 0 0 0 0 0 0 0 0 1 0 0 0 0 0 0 0 0 
42 91 23 18 20 76 19 68 62 24 34 56 56 70 45 67 16 75 85 34 
83 25 96 3 64 20 49 30 45 57 31 49 49 27 17 13 88 40 78 20 
0 0 0 0 0 0 0 0 0 0 0 0 0 0 1 0 0 0 0 0 
65 4 11 69 68 5 76 56 47 93 32 68 67 2 20 37 23 82 51 81 
0 0 0 0 0 0 0 0 0 0 0 0 0 0 0 0 1 0 0 0 
76 82 36 13 37 54 7 31 15 40 70 98 3 39 96 19 73 81 23 68 
62 52 39 30 85 23 15 48 62 90 9 74 75 95 63 96 58 81 3 42 
71 78 93 29 49 89 16 57 90 81 31 98 22 13 89 46 51 93 38 98 
20
1 0 0 0 0 0 0 0 0 0 0 0 0 0 0 0 0 0 0 0 
13 48 85 80 29 57 10 25 98 34 91 69 50 35 65 16 97 74 64 23 
94 60 11 84 77 45 22 16 96 77 2 90 20 58 35 52 8 84 72 44 
27 48 87 82 46 5 66 86 6 68 36 8 35 74 88 76 58 99 56 72 
33 25 73 33 7 51 78 60 15 95 6 72 63 88 57 29 69 40 69 70 
99 64 33 16 91 21 69 68 90 9 14 23 11 66 48 5 2 44 81 97 
6 88 43 81 65 22 95 26 86 77 71 64 81 57 71 24 57 55 87 38 
10 100 40 32 88 20 43 4 12 66 97 34 51 53 85 14 13 29 46 66 
37 80 42 76 21 67 45 31 89 59 93 50 64 64 93 5 79 9 73 57 
55 47 88 83 100 92 9 73 96 72 25 50 30 20 97 23 60 12 30 36 
11 86 67 71 72 96 38 64 84 73 11 26 99 80 70 91 24 9 5 39 
70 98 2 36 30 80 24 34 1 3 58 3 9 85 37 99 75 31 74 20 
60 61 90 32 73 24 84 77 83 9 84 52 21 58 8 43 55 89 84 29 
50 69 6 62 55 54 22 51 35 39 5 92 1 62 65 24 24 33 30 29 
83 11 100 68 33 15 34 16 20 41 12 34 26 6 32 97 61 3 17 47 
27 54 28 92 18 24 78 94 88 31 28 58 31 95 13 59 70 54 43 94 
2 93 41 27 85 98 28 6 67 90 43 76 7 74 94 87 58 28 11 92 
69 5 13 44 81 86 41 100 29 69 61 52 71 36 65 27 81 4 31 62 
96 88 65 71 9 70 22 18 6 4 99 83 11 67 97 78 61 48 18 69 
15 30 7 52 11 14 99 34 8 49 83 53 67 96 60 42 13 77 80 82 
20
1 0 0 0 0 0 0 0 0 0 0 0 0 0 0 0 0 0 0 0 
56 17 74 29 72 87 86 96 74 3 32 24 94 43 54 21 87 60 64 78 
0 0 1 0 0 0 0 0 0 0 0 0 0 0 0 0 0 0 0 0 
24 44 8 24 90 73 10 3 76 50 65 28 71 15 67 65 33 32 15 75 
51 87 61 21 16 15 33 39 51 67 27 47 93 74 55 7 93 60 40 8 
23 93 100 13 74 32 26 6 26 61 95 95 45 54 38 99 9 39 91 0 
49 62 54 61 97 25 40 64 82 92 25 1 87 72 96 94 50 53 66 77 
0 0 0 0 0 0 0 1 0 0 0 0 0 0 0 0 0 0 0 0 
0 0 0 0 0 0 0 0 1 0 0 0 0 0 0 0 0 0 0 0 
0 0 0 0 0 0 0 0 0 1 0 0 0 0 0 0 0 0 0 0 
74 76 45 49 7 27 31 8 40 18 13 94 70 38 28 86 66 73 55 3 
0 0 0 0 0 0 0 0 0 0 0 1 0 0 0 0 0 0 0 0 
56 94 58 35 92 10 82 96 11 22 82 26 96 90 79 91 11 1 64 40 
55 57 2 19 77 5 98 35 80 14 45 14 23 73 63 71 45 55 12 29 
54 39 88 69 67 24 65 61 48 83 62 62 68 2 42 15 18 73 7 16 
72 86 76 90 88 46 21 9 28 36 54 95 32 94 76 28 79 23 84 39 
4 66 25 47 59 57 45 4 30 95 27 33 61 28 54 14 5 69 19 45 
19 58 80 61 75 47 35 82 1 21 89 13 77 54 92 95 18 98 67 21 
76 81 86 78 99 22 8 78 10 98 70 57 36 39 68 62 99 42 73 40 
1 59 59 12 54 36 45 35 85 96 80 27 15 14 95 73 98 40 57 71 
20
1 0 0 0 0 0 0 0 0 0 0 0 0 0 0 0 0 0 0 0 
2 80 65 5 87 99 0 13 29 68 42 68 24 76 97 14 32 96 67 9 
14 37 68 5 45 42 86 41 7 100 9 95 75 57 31 77 71 33 93 85 
0 0 0 1 0 0 0 0 0 0 0 0 0 0 0 0 0 0 0 0 
57 23 24 89 7 47 85 42 40 63 90 9 35 26 65 67 18 43 57 7 
1 51 13 30 70 5 69 0 64 26 96 62 57 67 62 10 95 25 4 73 
0 0 0 0 0 0 1 0 0 0 0 0 0 0 0 0 0 0 0 0 
55 73 2 68 16 0 29 3 63 34 37 55 18 5 85 2 46 67 6 2 
73 36 26 24 72 36 56 61 68 36 54 77 7 54 59 67 1 73 97 3 
25 58 95 82 93 64 100 93 95 4 39 32 54 36 90 60 85 52 47 100 
68 69 30 7 46 22 7 26 88 70 16 85 62 89 33 82 17 11 22 59 
0 0 0 0 0 0 0 0 0 0 0 1 0 0 0 0 0 0 0 0 
97 18 26 19 77 78 92 88 67 20 86 58 21 91 63 80 75 54 9 96 
43 61 49 94 56 76 43 70 99 50 91 68 36 68 56 43 92 72 14 68 
87 29 67 29 89 83 28 41 21 3 92 36 23 63 95 78 33 67 100 39 
9 16 20 27 72 36 5 64 65 62 58 43 82 39 45 98 29 27 88 87 
80 13 54 91 0 96 75 91 63 54 49 8 30 10 94 41 49 18 52 88 
0 0 0 0 0 0 0 0 0 0 0 0 0 0 0 0 0 1 0 0 
15 86 74 12 95 48 90 62 67 46 2 49 51 79 29 52 24 66 50 87 
60 28 99 86 60 16 2 6 7 86 29 96 68 60 26 75 93 3 94 31 
20
1 0 0 0 0 0 0 0 0 0 0 0 0 0 0 0 0 0 0 0 
0 1 0 0 0 0 0 0 0 0 0 0 0 0 0 0 0 0 0 0 
64 16 93 29 94 9 22 84 37 44 78 34 28 51 22 86 12 62 87 0 
6 29 60 25 79 47 34 73 28 22 28 14 66 20 69 19 76 44 27 68 
36 75 31 32 42 53 22 74 41 33 27 40 55 16 21 75 94 31 71 57 
79 64 20 39 94 83 16 39 39 2 51 40 79 50 44 1 19 96 87 92 
76 1 90 39 94 75 4 70 82 58 35 65 82 24 64 35 42 86 32 76 
0 0 0 0 0 0 0 1 0 0 0 0 0 0 0 0 0 0 0 0 
89 16 45 36 77 39 95 58 14 50 57 60 95 68 27 45 48 72 47 76 
89 15 88 92 48 68 53 65 42 29 40 45 9 44 60 38 4 82 7 98 
68 56 85 10 48 56 97 83 92 48 92 15 76 59 5 70 26 24 9 6 
12 92 43 89 79 46 61 57 54 82 84 51 92 47 67 15 95 33 82 8 
33 96 68 97 54 15 25 54 67 95 52 52 38 0 25 66 13 80 33 81 
32 25 16 93 53 24 32 70 95 54 22 30 47 99 65 52 27 7 84 63 
4 86 85 98 47 93 41 62 17 49 53 61 63 70 48 39 59 70 4 71 
0 0 0 0 0 0 0 0 0 0 0 0 0 0 0 1 0 0 0 0 
19 83 48 39 20 6 26 54 31 63 63 19 52 96 35 48 25 94 33 78 
73 14 29 12 0 95 56 87 62 6 71 86 8 78 59 27 4 31 38 98 
9 8 95 69 50 27 11 82 68 14 32 14 39 9 34 40 68 26 53 99 
22 68 19 92 84 27 41 69 79 14 16 10 71 14 90 90 38 22 61 50 
20
1 0 0 0 0 0 0 0 0 0 0 0 0 0 0 0 0 0 0 0 
95 86 9 80 58 7 68 59 17 41 1 95 77 4 54 54 73 57 94 62 
12 75 87 7 24 93 13 53 27 97 69 53 99 22 32 96 4 42 100 27 
0 0 0 1 0 0 0 0 0 0 0 0 0 0 0 0 0 0 0 0 
76 64 93 38 3 22 54 22 70 79 44 29 19 56 24 21 72 22 86 86 
89 94 21 99 22 57 80 40 47 67 6 94 9 56 17 96 6 88 62 36 
76 68 67 85 60 17 43 38 3 2 8 21 20 66 24 97 8 96 29 11 
82 88 54 17 26 72 94 39 22 14 92 98 48 65 9 80 73 37 2 51 
10 46 16 78 12 48 55 19 48 98 24 88 31 63 76 73 93 40 7 94 
64 84 90 92 74 1 7 98 54 57 5 48 84 14 2 74 31 0 4 35 
83 67 75 6 79 54 44 89 100 4 30 63 54 91 75 64 4 45 77 95 
0 0 0 0 0 0 0 0 0 0 0 1 0 0 0 0 0 0 0 0 
34 20 27 76 26 99 84 40 15 80 10 14 14 21 73 50 45 10 82 68 
0 0 0 0 0 0 0 0 0 0 0 0 0 1 0 0 0 0 0 0 
55 57 84 41 28 67 46 67 70 77 80 84 85 49 95 84 36 27 23 8 
82 3 20 8 78 5 95 9 91 91 45 11 71 52 30 46 35 42 53 38 
0 0 0 0 0 0 0 0 0 0 0 0 0 0 0 0 1 0 0 0 
0 0 0 0 0 0 0 0 0 0 0 0 0 0 0 0 0 1 0 0 
5 62 53 16 59 85 70 87 76 39 74 64 66 63 94 39 17 26 92 41 
0 0 0 0 0 0 0 0 0 0 0 0 0 0 0 0 0 0 0 1 
20
1 0 0 0 0 0 0 0 0 0 0 0 0 0 0 0 0 0 0 0 
0 1 0 0 0 0 0 0 0 0 0 0 0 0 0 0 0 0 0 0 
80 94 59 30 68 52 51 41 32 8 46 13 28 15 84 94 2 60 85 100 
76 84 14 1 19 66 80 42 56 68 63 71 55 24 61 94 47 88 31 91 
97 14 47 91 72 75 77 82 95 73 89 14 0 0 1 17 63 28 9 76 
61 75 80 25 34 78 97 61 39 71 84 25 25 50 12 97 85 57 23 16 
74 85 15 5 43 85 18 74 45 98 89 95 27 31 66 39 96 18 4 92 
34 32 79 3 98 8 21 52 49 64 78 40 61 89 92 66 44 60 36 82 
12 89 94 15 57 60 49 65 69 2 62 89 81 86 83 17 79 30 36 100 
8 57 72 75 4 65 98 25 13 99 17 61 3 33 82 99 83 73 16 85 
1 41 23 31 18 23 29 99 7 57 51 59 85 52 63 75 31 82 79 39 
0 0 0 0 0 0 0 0 0 0 0 1 0 0 0 0 0 0 0 0 
92 9 42 55 91 39 93 12 34 55 63 32 53 8 2 49 1 88 93 66 
42 20 73 29 68 5 5 84 67 11 27 32 18 95 88 77 80 82 50 48 
68 49 89 38 56 24 17 3 14 16 79 3 91 40 76 31 58 8 28 25 
14 98 13 56 38 15 51 61 0 20 41 70 81 65 93 77 41 21 85 65 
21 51 2 71 58 74 40 11 22 2 66 62 59 28 47 62 2 20 87 76 
60 75 66 2 84 95 75 100 44 33 9 99 61 86 49 43 63 59 85 84 
0 0 0 0 0 0 0 0 0 0 0 0 0 0 0 0 0 0 1 0 
6 27 30 44 12 38 13 96 76 78 62 48 13 38 37 4 91 72 74 13