1 2 4 8 13 21 31 45 66 81 97 
369
1 2 4 8 13 21 31 45 66 81 97 123 
492
1 2 4 8 13 21 31 45 66 81 97 123 148 
640
1 2 4 8 13 21 31 45 66 81 97 123 148 182 
822
1 2 4 8 13 21 31 45 66 81 97 123 148 182 204 
1026
1 2 4 8 13 21 31 45 66 81 97 123 148 182 204 252 
1278
1 2 4 8 13 21 31 45 66 81 97 123 148 182 204 252 290 
1568
1 2 4 8 13 21 31 45 66 81 97 123 148 182 204 252 290 361 
1929
1 2 4 8 13 21 31 45 66 81 97 123 148 182 204 252 290 361 401 
2330
1 2 4 8 13 21 31 45 66 81 97 123 148 182 204 252 290 361 401 475 
2805
1 2 4 8 13 21 31 45 66 81 97 123 148 182 204 252 290 361 401 475 565 
3370
1 2 4 8 13 21 31 45 66 81 97 123 148 182 204 252 290 361 401 475 565 593 
3963
1 2 4 8 13 21 31 45 66 81 97 123 148 182 204 252 290 361 401 475 565 593 662 
4625
1 2 4 8 13 21 31 45 66 81 97 123 148 182 204 252 290 361 401 475 565 593 662 775 
5400
1 2 4 8 13 21 31 45 66 81 97 123 148 182 204 252 290 361 401 475 565 593 662 775 822 
6222
1 2 4 8 13 21 31 45 66 81 97 123 148 182 204 252 290 361 401 475 565 593 662 775 822 916 
7138
1 2 4 8 13 21 31 45 66 81 97 123 148 182 204 252 290 361 401 475 565 593 662 775 822 916 970 
8108
1 2 4 8 13 21 31 45 66 81 97 123 148 182 204 252 290 361 401 475 565 593 662 775 822 916 970 1016 
9124
1 2 4 8 13 21 31 45 66 81 97 123 148 182 204 252 290 361 401 475 565 593 662 775 822 916 970 1016 1159 
10283
1 2 4 8 13 21 31 45 66 81 97 123 148 182 204 252 290 361 401 475 565 593 662 775 822 916 970 1016 1159 1312 
11595
