1 
1
1 2 
3
1 2 4 
7
1 2 4 8 
15
1 2 4 8 13 
28
1 2 4 8 13 21 
49
1 2 4 8 13 21 31 
80
1 2 4 8 13 21 31 45 
125
1 2 4 8 13 21 31 45 66 
191
1 2 4 8 13 21 31 45 66 81 
272
1 2 4 8 13 21 31 45 66 81 97 
369
1 2 4 8 13 21 31 45 66 81 97 123 
492
1 2 4 8 13 21 31 45 66 81 97 123 148 
640
1 2 4 8 13 21 31 45 66 81 97 123 148 182 
822
1 2 4 8 13 21 31 45 66 81 97 123 148 182 204 
1026
1 2 4 8 13 21 31 45 66 81 97 123 148 182 204 252 
1278
1 2 4 8 13 21 31 45 66 81 97 123 148 182 204 252 290 
1568
1 2 4 8 13 21 31 45 66 81 97 123 148 182 204 252 290 361 
1929
1 2 4 8 13 21 31 45 66 81 97 123 148 182 204 252 290 361 401 
2330
1 2 4 8 13 21 31 45 66 81 97 123 148 182 204 252 290 361 401 475 
2805
1 2 4 8 13 21 31 45 66 81 97 123 148 182 204 252 290 361 401 475 565 
3370
1 2 4 8 13 21 31 45 66 81 97 123 148 182 204 252 290 361 401 475 565 593 
3963
1 2 4 8 13 21 31 45 66 81 97 123 148 182 204 252 290 361 401 475 565 593 662 
4625
1 2 4 8 13 21 31 45 66 81 97 123 148 182 204 252 290 361 401 475 565 593 662 775 
5400
1 2 4 8 13 21 31 45 66 81 97 123 148 182 204 252 290 361 401 475 565 593 662 775 822 
6222
1 2 4 8 13 21 31 45 66 81 97 123 148 182 204 252 290 361 401 475 565 593 662 775 822 916 
7138
1 2 4 8 13 21 31 45 66 81 97 123 148 182 204 252 290 361 401 475 565 593 662 775 822 916 970 
8108
1 2 4 8 13 21 31 45 66 81 97 123 148 182 204 252 290 361 401 475 565 593 662 775 822 916 970 1016 
9124
1 2 4 8 13 21 31 45 66 81 97 123 148 182 204 252 290 361 401 475 565 593 662 775 822 916 970 1016 1159 
10283
1 2 4 8 13 21 31 45 66 81 97 123 148 182 204 252 290 361 401 475 565 593 662 775 822 916 970 1016 1159 1312 
11595
1 2 4 8 13 21 31 45 66 81 97 123 148 182 204 252 290 361 401 475 565 593 662 775 822 916 970 1016 1159 1312 1395 
12990
1 2 4 8 13 21 31 45 66 81 97 123 148 182 204 252 290 361 401 475 565 593 662 775 822 916 970 1016 1159 1312 1395 1523 
14513
1 2 4 8 13 21 31 45 66 81 97 123 148 182 204 252 290 361 401 475 565 593 662 775 822 916 970 1016 1159 1312 1395 1523 1572 
16085
1 2 4 8 13 21 31 45 66 81 97 123 148 182 204 252 290 361 401 475 565 593 662 775 822 916 970 1016 1159 1312 1395 1523 1572 1821 
17906
1 2 4 8 13 21 31 45 66 81 97 123 148 182 204 252 290 361 401 475 565 593 662 775 822 916 970 1016 1159 1312 1395 1523 1572 1821 1896 
19802
1 2 4 8 13 21 31 45 66 81 97 123 148 182 204 252 290 361 401 475 565 593 662 775 822 916 970 1016 1159 1312 1395 1523 1572 1821 1896 2029 
21831
1 2 4 8 13 21 31 45 66 81 97 123 148 182 204 252 290 361 401 475 565 593 662 775 822 916 970 1016 1159 1312 1395 1523 1572 1821 1896 2029 2254 
24085
1 2 4 8 13 21 31 45 66 81 97 123 148 182 204 252 290 361 401 475 565 593 662 775 822 916 970 1016 1159 1312 1395 1523 1572 1821 1896 2029 2254 2379 
26464
1 2 4 8 13 21 31 45 66 81 97 123 148 182 204 252 290 361 401 475 565 593 662 775 822 916 970 1016 1159 1312 1395 1523 1572 1821 1896 2029 2254 2379 2510 
28974
1 2 4 8 13 21 31 45 66 81 97 123 148 182 204 252 290 361 401 475 565 593 662 775 822 916 970 1016 1159 1312 1395 1523 1572 1821 1896 2029 2254 2379 2510 2780 
31754
1 2 4 8 13 21 31 45 66 81 97 123 148 182 204 252 290 361 401 475 565 593 662 775 822 916 970 1016 1159 1312 1395 1523 1572 1821 1896 2029 2254 2379 2510 2780 2925 
34679
1 2 4 8 13 21 31 45 66 81 97 123 148 182 204 252 290 361 401 475 565 593 662 775 822 916 970 1016 1159 1312 1395 1523 1572 1821 1896 2029 2254 2379 2510 2780 2925 3155 
37834
1 2 4 8 13 21 31 45 66 81 97 123 148 182 204 252 290 361 401 475 565 593 662 775 822 916 970 1016 1159 1312 1395 1523 1572 1821 1896 2029 2254 2379 2510 2780 2925 3155 3354 
41188
1 2 4 8 13 21 31 45 66 81 97 123 148 182 204 252 290 361 401 475 565 593 662 775 822 916 970 1016 1159 1312 1395 1523 1572 1821 1896 2029 2254 2379 2510 2780 2925 3155 3354 3591 
44779
1 2 4 8 13 21 31 45 66 81 97 123 148 182 204 252 290 361 401 475 565 593 662 775 822 916 970 1016 1159 1312 1395 1523 1572 1821 1896 2029 2254 2379 2510 2780 2925 3155 3354 3591 3797 
48576
1 2 4 8 13 21 31 45 66 81 97 123 148 182 204 252 290 361 401 475 565 593 662 775 822 916 970 1016 1159 1312 1395 1523 1572 1821 1896 2029 2254 2379 2510 2780 2925 3155 3354 3591 3797 3998 
52574
1 2 4 8 13 21 31 45 66 81 97 123 148 182 204 252 290 361 401 475 565 593 662 775 822 916 970 1016 1159 1312 1395 1523 1572 1821 1896 2029 2254 2379 2510 2780 2925 3155 3354 3591 3797 3998 4297 
56871
1 2 4 8 13 21 31 45 66 81 97 123 148 182 204 252 290 361 401 475 565 593 662 775 822 916 970 1016 1159 1312 1395 1523 1572 1821 1896 2029 2254 2379 2510 2780 2925 3155 3354 3591 3797 3998 4297 4433 
61304
1 2 4 8 13 21 31 45 66 81 97 123 148 182 204 252 290 361 401 475 565 593 662 775 822 916 970 1016 1159 1312 1395 1523 1572 1821 1896 2029 2254 2379 2510 2780 2925 3155 3354 3591 3797 3998 4297 4433 4779 
66083
1 2 4 8 13 21 31 45 66 81 97 123 148 182 204 252 290 361 401 475 565 593 662 775 822 916 970 1016 1159 1312 1395 1523 1572 1821 1896 2029 2254 2379 2510 2780 2925 3155 3354 3591 3797 3998 4297 4433 4779 4851 
70934
1 2 4 8 13 21 31 45 66 81 97 123 148 182 204 252 290 361 401 475 565 593 662 775 822 916 970 1016 1159 1312 1395 1523 1572 1821 1896 2029 2254 2379 2510 2780 2925 3155 3354 3591 3797 3998 4297 4433 4779 4851 5123 
76057
1 2 4 8 13 21 31 45 66 81 97 123 148 182 204 252 290 361 401 475 565 593 662 775 822 916 970 1016 1159 1312 1395 1523 1572 1821 1896 2029 2254 2379 2510 2780 2925 3155 3354 3591 3797 3998 4297 4433 4779 4851 5123 5243 
81300
1 2 4 8 13 21 31 45 66 81 97 123 148 182 204 252 290 361 401 475 565 593 662 775 822 916 970 1016 1159 1312 1395 1523 1572 1821 1896 2029 2254 2379 2510 2780 2925 3155 3354 3591 3797 3998 4297 4433 4779 4851 5123 5243 5298 
86598
1 2 4 8 13 21 31 45 66 81 97 123 148 182 204 252 290 361 401 475 565 593 662 775 822 916 970 1016 1159 1312 1395 1523 1572 1821 1896 2029 2254 2379 2510 2780 2925 3155 3354 3591 3797 3998 4297 4433 4779 4851 5123 5243 5298 5751 
92349
1 2 4 8 13 21 31 45 66 81 97 123 148 182 204 252 290 361 401 475 565 593 662 775 822 916 970 1016 1159 1312 1395 1523 1572 1821 1896 2029 2254 2379 2510 2780 2925 3155 3354 3591 3797 3998 4297 4433 4779 4851 5123 5243 5298 5751 5998 
98347
1 2 4 8 13 21 31 45 66 81 97 123 148 182 204 252 290 361 401 475 565 593 662 775 822 916 970 1016 1159 1312 1395 1523 1572 1821 1896 2029 2254 2379 2510 2780 2925 3155 3354 3591 3797 3998 4297 4433 4779 4851 5123 5243 5298 5751 5998 6374 
104721
1 2 4 8 13 21 31 45 66 81 97 123 148 182 204 252 290 361 401 475 565 593 662 775 822 916 970 1016 1159 1312 1395 1523 1572 1821 1896 2029 2254 2379 2510 2780 2925 3155 3354 3591 3797 3998 4297 4433 4779 4851 5123 5243 5298 5751 5998 6374 6801 
111522
1 2 4 8 13 21 31 45 66 81 97 123 148 182 204 252 290 361 401 475 565 593 662 775 822 916 970 1016 1159 1312 1395 1523 1572 1821 1896 2029 2254 2379 2510 2780 2925 3155 3354 3591 3797 3998 4297 4433 4779 4851 5123 5243 5298 5751 5998 6374 6801 6925 
118447
1 2 4 8 13 21 31 45 66 81 97 123 148 182 204 252 290 361 401 475 565 593 662 775 822 916 970 1016 1159 1312 1395 1523 1572 1821 1896 2029 2254 2379 2510 2780 2925 3155 3354 3591 3797 3998 4297 4433 4779 4851 5123 5243 5298 5751 5998 6374 6801 6925 7460 
125907
1 2 4 8 13 21 31 45 66 81 97 123 148 182 204 252 290 361 401 475 565 593 662 775 822 916 970 1016 1159 1312 1395 1523 1572 1821 1896 2029 2254 2379 2510 2780 2925 3155 3354 3591 3797 3998 4297 4433 4779 4851 5123 5243 5298 5751 5998 6374 6801 6925 7460 7547 
133454
1 2 4 8 13 21 31 45 66 81 97 123 148 182 204 252 290 361 401 475 565 593 662 775 822 916 970 1016 1159 1312 1395 1523 1572 1821 1896 2029 2254 2379 2510 2780 2925 3155 3354 3591 3797 3998 4297 4433 4779 4851 5123 5243 5298 5751 5998 6374 6801 6925 7460 7547 7789 
141243
1 2 4 8 13 21 31 45 66 81 97 123 148 182 204 252 290 361 401 475 565 593 662 775 822 916 970 1016 1159 1312 1395 1523 1572 1821 1896 2029 2254 2379 2510 2780 2925 3155 3354 3591 3797 3998 4297 4433 4779 4851 5123 5243 5298 5751 5998 6374 6801 6925 7460 7547 7789 8220 
149463
1 2 4 8 13 21 31 45 66 81 97 123 148 182 204 252 290 361 401 475 565 593 662 775 822 916 970 1016 1159 1312 1395 1523 1572 1821 1896 2029 2254 2379 2510 2780 2925 3155 3354 3591 3797 3998 4297 4433 4779 4851 5123 5243 5298 5751 5998 6374 6801 6925 7460 7547 7789 8220 8503 
157966
1 2 4 8 13 21 31 45 66 81 97 123 148 182 204 252 290 361 401 475 565 593 662 775 822 916 970 1016 1159 1312 1395 1523 1572 1821 1896 2029 2254 2379 2510 2780 2925 3155 3354 3591 3797 3998 4297 4433 4779 4851 5123 5243 5298 5751 5998 6374 6801 6925 7460 7547 7789 8220 8503 8730 
166696
1 2 4 8 13 21 31 45 66 81 97 123 148 182 204 252 290 361 401 475 565 593 662 775 822 916 970 1016 1159 1312 1395 1523 1572 1821 1896 2029 2254 2379 2510 2780 2925 3155 3354 3591 3797 3998 4297 4433 4779 4851 5123 5243 5298 5751 5998 6374 6801 6925 7460 7547 7789 8220 8503 8730 8942 
175638
1 2 4 8 13 21 31 45 66 81 97 123 148 182 204 252 290 361 401 475 565 593 662 775 822 916 970 1016 1159 1312 1395 1523 1572 1821 1896 2029 2254 2379 2510 2780 2925 3155 3354 3591 3797 3998 4297 4433 4779 4851 5123 5243 5298 5751 5998 6374 6801 6925 7460 7547 7789 8220 8503 8730 8942 9882 
185520
1 2 4 8 13 21 31 45 66 81 97 123 148 182 204 252 290 361 401 475 565 593 662 775 822 916 970 1016 1159 1312 1395 1523 1572 1821 1896 2029 2254 2379 2510 2780 2925 3155 3354 3591 3797 3998 4297 4433 4779 4851 5123 5243 5298 5751 5998 6374 6801 6925 7460 7547 7789 8220 8503 8730 8942 9882 10200 
195720
1 2 4 8 13 21 31 45 66 81 97 123 148 182 204 252 290 361 401 475 565 593 662 775 822 916 970 1016 1159 1312 1395 1523 1572 1821 1896 2029 2254 2379 2510 2780 2925 3155 3354 3591 3797 3998 4297 4433 4779 4851 5123 5243 5298 5751 5998 6374 6801 6925 7460 7547 7789 8220 8503 8730 8942 9882 10200 10587 
206307
1 2 4 8 13 21 31 45 66 81 97 123 148 182 204 252 290 361 401 475 565 593 662 775 822 916 970 1016 1159 1312 1395 1523 1572 1821 1896 2029 2254 2379 2510 2780 2925 3155 3354 3591 3797 3998 4297 4433 4779 4851 5123 5243 5298 5751 5998 6374 6801 6925 7460 7547 7789 8220 8503 8730 8942 9882 10200 10587 10898 
217205
1 2 4 8 13 21 31 45 66 81 97 123 148 182 204 252 290 361 401 475 565 593 662 775 822 916 970 1016 1159 1312 1395 1523 1572 1821 1896 2029 2254 2379 2510 2780 2925 3155 3354 3591 3797 3998 4297 4433 4779 4851 5123 5243 5298 5751 5998 6374 6801 6925 7460 7547 7789 8220 8503 8730 8942 9882 10200 10587 10898 11289 
228494
1 2 4 8 13 21 31 45 66 81 97 123 148 182 204 252 290 361 401 475 565 593 662 775 822 916 970 1016 1159 1312 1395 1523 1572 1821 1896 2029 2254 2379 2510 2780 2925 3155 3354 3591 3797 3998 4297 4433 4779 4851 5123 5243 5298 5751 5998 6374 6801 6925 7460 7547 7789 8220 8503 8730 8942 9882 10200 10587 10898 11289 11614 
240108
1 2 4 8 13 21 31 45 66 81 97 123 148 182 204 252 290 361 401 475 565 593 662 775 822 916 970 1016 1159 1312 1395 1523 1572 1821 1896 2029 2254 2379 2510 2780 2925 3155 3354 3591 3797 3998 4297 4433 4779 4851 5123 5243 5298 5751 5998 6374 6801 6925 7460 7547 7789 8220 8503 8730 8942 9882 10200 10587 10898 11289 11614 11876 
251984
1 2 4 8 13 21 31 45 66 81 97 123 148 182 204 252 290 361 401 475 565 593 662 775 822 916 970 1016 1159 1312 1395 1523 1572 1821 1896 2029 2254 2379 2510 2780 2925 3155 3354 3591 3797 3998 4297 4433 4779 4851 5123 5243 5298 5751 5998 6374 6801 6925 7460 7547 7789 8220 8503 8730 8942 9882 10200 10587 10898 11289 11614 11876 12034 
264018
1 2 4 8 13 21 31 45 66 81 97 123 148 182 204 252 290 361 401 475 565 593 662 775 822 916 970 1016 1159 1312 1395 1523 1572 1821 1896 2029 2254 2379 2510 2780 2925 3155 3354 3591 3797 3998 4297 4433 4779 4851 5123 5243 5298 5751 5998 6374 6801 6925 7460 7547 7789 8220 8503 8730 8942 9882 10200 10587 10898 11289 11614 11876 12034 12931 
276949
1 2 4 8 13 21 31 45 66 81 97 123 148 182 204 252 290 361 401 475 565 593 662 775 822 916 970 1016 1159 1312 1395 1523 1572 1821 1896 2029 2254 2379 2510 2780 2925 3155 3354 3591 3797 3998 4297 4433 4779 4851 5123 5243 5298 5751 5998 6374 6801 6925 7460 7547 7789 8220 8503 8730 8942 9882 10200 10587 10898 11289 11614 11876 12034 12931 13394 
290343
1 2 4 8 13 21 31 45 66 81 97 123 148 182 204 252 290 361 401 475 565 593 662 775 822 916 970 1016 1159 1312 1395 1523 1572 1821 1896 2029 2254 2379 2510 2780 2925 3155 3354 3591 3797 3998 4297 4433 4779 4851 5123 5243 5298 5751 5998 6374 6801 6925 7460 7547 7789 8220 8503 8730 8942 9882 10200 10587 10898 11289 11614 11876 12034 12931 13394 14047 
304390
1 2 4 8 13 21 31 45 66 81 97 123 148 182 204 252 290 361 401 475 565 593 662 775 822 916 970 1016 1159 1312 1395 1523 1572 1821 1896 2029 2254 2379 2510 2780 2925 3155 3354 3591 3797 3998 4297 4433 4779 4851 5123 5243 5298 5751 5998 6374 6801 6925 7460 7547 7789 8220 8503 8730 8942 9882 10200 10587 10898 11289 11614 11876 12034 12931 13394 14047 14534 
318924
1 2 4 8 13 21 31 45 66 81 97 123 148 182 204 252 290 361 401 475 565 593 662 775 822 916 970 1016 1159 1312 1395 1523 1572 1821 1896 2029 2254 2379 2510 2780 2925 3155 3354 3591 3797 3998 4297 4433 4779 4851 5123 5243 5298 5751 5998 6374 6801 6925 7460 7547 7789 8220 8503 8730 8942 9882 10200 10587 10898 11289 11614 11876 12034 12931 13394 14047 14534 14901 
333825
1 2 4 8 13 21 31 45 66 81 97 123 148 182 204 252 290 361 401 475 565 593 662 775 822 916 970 1016 1159 1312 1395 1523 1572 1821 1896 2029 2254 2379 2510 2780 2925 3155 3354 3591 3797 3998 4297 4433 4779 4851 5123 5243 5298 5751 5998 6374 6801 6925 7460 7547 7789 8220 8503 8730 8942 9882 10200 10587 10898 11289 11614 11876 12034 12931 13394 14047 14534 14901 15166 
348991
1 2 4 8 13 21 31 45 66 81 97 123 148 182 204 252 290 361 401 475 565 593 662 775 822 916 970 1016 1159 1312 1395 1523 1572 1821 1896 2029 2254 2379 2510 2780 2925 3155 3354 3591 3797 3998 4297 4433 4779 4851 5123 5243 5298 5751 5998 6374 6801 6925 7460 7547 7789 8220 8503 8730 8942 9882 10200 10587 10898 11289 11614 11876 12034 12931 13394 14047 14534 14901 15166 15688 
364679
