1136
1846
3976
7526
9514
9656
10366
12638
16756
18176
19454
19738
32234
33938
35216
37346
39476
71426
72136
73556
74408
75118
79804
93436
93578
98548
101956
103234
104086
105364
107068
108914
111896
114878
116866
117008
117718
118144
118286
119138
122404
124108
125954
126238
127516
129788
131066
135326
136888
143846
145408
149668
151088
153218
154354
157336
159608
160318
166424
168128
170116
175228
178778
180766
182044
183464
186304
187724
188434
189854
190706
191558
194114
196954
300188
301324
302318
303454
306436
307288
307856
308566
309134
309418
311264
312116
312826
316234
316376
317228
319358
327736
328588
333416
335404
336824
337108
337534
337676
338386
340658
341936
343498
344918
345344
346054
351734
352018
353296
354716
358834
359828
365224
365366
367496
369626
371188
376726
377578
378146
378856
379708
380134
384536
387944
388228
391636
392488
396038
398878
399304
700486
702616
705598
706876
713408
716248
718804
719656
724058
727324
729028
729596
732436
733714
735418
738116
740956
741098
741524
741808
743086
743228
744364
745358
749618
750754
751748
752458
758848
760268
761404
767368
768788
770776
772906
775036
775604
777166
778444
782704
783556
785828
786254
786538
789236
790088
792076
792218
796478
903404
905818
906244
907238
909368
911498
911924
915616
917746
919024
920444
923426
924136
924988
927118
933224
933508
933934
936206
939188
944158
944726
946714
946856
947708
949838
953246
954808
960488
965458
966736
967588
968866
970144
970286
972416
975824
976534
976676
978238
981646
983918
985196
985906
990166
992296
992438
994568
995704
998828
