21
6
9
26
386
13571
13847
177206
8
20
8
10639681
255
2879
236
2
24
5423795
8968054
16388
5
138977
22
66486
13275
18
12036
18191
92753
26
11885
412489
486
17088
604
353487
11
529
1
8849722
9351
296714
11662814
7473
2516
6
14283
4989854
204814
262
460667
2705345
11053
9564142
319720
8935
10562375
2745777
217620
1
1879
5697324
10671
383096
70
14
269246
488
308592
2007
419
9
2
128
28
283387
450824
351
631
617
4564797
11244
63122
4936
180006
9
19
654784
10447110
17484
347153
20
21
14
4246
2
10775257
14
11
6839623
52
361
656
375362
18
14
4789286
24
7600645
22
8774
7
337147
344
617
4172397
423
18
643
14
463
128
565
4495
8187421
57
9
20
5582
13
434
268590
23
1181
193610
3675
10
220
158298
7194878
890016
305
50
348
259222
5445
5
307934
62
18
82754
13
1265
7180
412357
5
432
469021
5
525
19
17100
697
4951
112078
654
366
7032748
10
375484
19
17056
401669
570
517
625
6479
9
1499373
1763181
10078973
15
99904
3547705
71
9675152
11
232636
9460
483
271
602
9
5324
2448
13
629
2684
3622204
428662
26
437225
4287615
100
4639
2
5172
187257
12345
297946
8467683
3370
5169278
20
5283814
19
227693
327195
25
7
264
12
7802
11066
380527
3442
4011751
4231
517441
444755
4063
523
8500533
252877
399
7896
12528
404299
6677039
18226
411
381451
394
16883
7
517
556
7
205355
19
525
13234
20
360
319158
12685
254
16514
414
5614561
4210
529
12
4340
308
13817
21
10
6018256
579
21
362
6
18
11270
2162357
34
3295414
5291218
42735
9
129
31422
88
881738
7341560
545641
8700
50
23
1823
24
110317
2616
7598929
317146
12126006
267450
154
10
4
9836441
379067
17107
501
605047
371
328638
219413
5500029
10772478
12300
8515649
11953034
8795
17101
70349
534
16
472
19
423300
1312
8090
14
4839
14
317355
3943752
973199
124010
269861
50
9242760
22
9904
10331672
313670
3298025
405550
80928
14888
42725
60068
16938
70
11
9451
402
15
9459904
7458843
11946
5253734
350
95144
8791740
4691
10985407
1459
7036059
7
17
87139
12
5062859
169761
93
5755699
354816
523
4500454
1
5811045
315504
388631
5
148963
8
51793
12524
57196
13
543
25
1005869
1
11776
10505
11
12
602
5887399
15
8095
26
440537
368
14988
444639
195
11920
9102234
11917
427
114445
9694
2
8
8853376
270
308820
6642676
11759
698
29467
110
12726
436281
343
6
452177
3948
7468511
1276966
11
447283
11634784
403749
292
3268
273
2552
3606
14
4810346
9945533
642
226529
5705496
607
578
8
16288
21
271408
661
104
6582
531
8
1737
2262609
3296
72060
9725628
4
2623685
388999
7625
2433007
4630
447535
12896
282444
455043
308923
47283
13877
13619
184879
391032
439412
890320
10504
17
7
295682
10606351
700
4478
36026
521
288
51338
1432
5854899
16232
336
1
8982279
6783627
21
4668038
316
292901
2700488
374845
454569
189733
8626
8090832
9
17
10045156
13772
18
3248
121192
3
347906
206353
3597343
5
251675
11
617
433
7365457
10
1972038
6061
666
12
2
9
14
82574
6796861
1649928
595
148609
578
194984
19
1747537
9101
184250
1041100
15
409528
544
5758002
5011
3113
441038
19
8124814
2
437
22
6
7300
26
14365
15467
12111459
9164528
327358
4599601
16606
21
16810
8
2318880
10496853
2
8441
363
293
452293
626
151
5944
26
2
17
8833848
466280
10303756
8802
475113
7292
9133
464555
18
116
14199
16435
12113
5696
2859
15
11251
9275
171211
3
231762
396
6
262
1303174
22
4967367
9945
4174665
1838547
276
606
698
372758
178291
13
392
16627
1528
1366
7425632
99
7
6
127394
443547
181010
470723
19
90306
301
15
433222
7477215
17357
21
667
432038
2589
7942
58861
6661
259
1369
1148386
4536
2414513
14
107803
357199
1262283
22
3596
604
18
2912
11673
1472802
600
12348
8886884
7828
9
5363
2353821
349217
175730
12298141
8282462
436338
2245271
6902394
660
9
20
277
919
18
7014
353014
8980594
7596166
85
170017
165
14456
9473
5
4
186
398
2229017
19
5187938
11675
9922984
364525
14
837
10608774
1582223
25
22793
191868
688529
8418
6
17
9790
14148
12074
5638327
10499913
278
7
24
6171870
7080345
6135684
5626805
25
11301
10
401262
633
22
5646006
15
6811
6
11437
17099
7
169040
660
2706664
25
14
79
9869947
396
25
17
856
358454
18
410319
2139622
193
419772
121292
9946
10014303
9829480
11719
312418
475
20038
4
158230
700
685
5
207
223
24
23
1917
8585
2345285
267
33443
16
11893427
13065
44
365172
4813
13542
411938
294965
367883
567
553
250416
10
414
329107
14870
203
446333
989
11784101
455329
633
2206
161202
1670
23
200
11634
50
637
5292
3886
4730730
7250
8000
11515937
12
20
12240272
1007
332
157171
3986879
119998
452196
11230326
9306
16916
102985
408
327
3385
499
1462745
328916
15062
25
2755615
377
6783720
3
441667
433770
10
164265
18
16
10
14
12147
1296736
265930
11
93
18
12
367
2718825
368798
10394
1160870
13
9250
15493
8031
556
9344224
571999
410
490
9990
4221719
386
6171996
4656569
10
5
14
119024
9229
21
10
436
41950
12287
6371929
11835
13
10101
4660660
316
15
561
5590764
6
7727784
17
324547
65841
328747
5078823
12
15
9903495
446667
225
429
10292240
13
607
568
40
3
1315
3225
7747396
1
569
11535116
6055
9100062
402
5056617
9054
26
308
366618
11581754
5990
482
84
121828
12
5390
17634
6546689
659913
227424
212047
456817
22
22
11535531
149
9853
245
366980
4454
3
4566237
1752
9803003
650
6739850
16807
174
24768
9436
8690
274
8691
361852
624
2887
21
7983063
5612434
18
98526
6119743
9522
168
12739
10
18
10
8991
643
543
15
359693
13823
184253
666
12832
140
2
209683
382208
126827
211
25
14
7521712
559
287779
1812882
11396504
200
18
308057
71135
7324
57272
252474
663
3
6
359238
2039
