965468252
448
152
7323799
714285358
944623846
56690801
239717312
1761
292
957625862
24689069
946116871
368416919
814446698
53745
861995995
74787499
147673544
478654995
16882
525301587
112724751
425967
465499
441434
169202937
33309751
699208785
155821845
278290079
264512505
492578807
904799730
107218
161012772
449882
4150
130359244
434700270
567323323
7648
24
658250342
817109607
489103791
864225235
557
631044808
251599786
569
20
99672596
638931345
116216036
285904049
689418759
179566
8
714163529
100260458
254769744
299222751
3111
284246420
3511970
17
12936
597841012
504144183
618667877
111
302
627958914
61572073
883400452
167582718
503170458
565057091
7
7631015
801175771
122088949
472435393
747805779
199537335
409
678831
344076829
548234801
17
931048087
1783501
553547660
216902196
22142294
500617750
590481644
709530416
15
827481077
12504
33870835
185719471
654008733
887010410
702058292
110
17072
24
138283370
335340035
766338574
309456318
595783007
229874961
427836
719242583
710863327
433452122
319917880
25686635
711110724
835390483
681234268
571295051
406059140
695572238
591293707
354894235
434
735192352
11490
16363
7323929
554830020
317706134
695529362
510959560
626535414
21
57774136
7204
429093195
7438428
299738408
74669572
488616032
903164273
307016
149001476
471823042
925498145
8518447
37241198
273950947
790389736
85770539
141413
9311452
347968
553206273
689183433
161848382
633821958
564
672107600
156657286
264897321
176588605
746387479
8
997274426
150457951
496760914
504302565
587620454
724801489
627013381
11
681
3619094
214022003
49568320
4901
622632868
17851
841060372
48189276
843576174
22753860
397850
830936164
170047803
215297
765456934
10919436
975810507
653973138
794570957
6775
8783
590195877
129283336
499825353
371977849
1777
193090440
11198956
541816083
380559715
46773524
859855890
819807799
419506
45426280
367892351
285909
63602083
10125
13
680550847
199829443
875521706
5881
466742
390258838
942017573
345324027
206057352
554036818
22
144608961
814043425
535596911
627125372
14701
298085354
172868734
285567813
945979675
10531
861508645
179484249
486065132
17500
207233027
652146197
51197367
281523614
796880067
239465567
14292
14277
233195611
980
763429479
7932
12
483777744
692452777
246074
650281622
194333
729281242
962736431
924677362
323724436
175895928
10527647
58992079
864891456
14973580
489354571
8893522
202141485
982832909
10610462
181746390
4201257
3595
9466529
16
499925239
324600847
9364567
862142651
2083192
169393574
7
7721260
593188772
42
6823286
965042910
2480014
12104109
613929974
15
682129473
223593705
256890564
474
702158172
261336995
868131264
15628733
7621707
761657033
5927268
447204
64141163
10651
689568601
129411207
508173099
394916909
49812481
2447345
721691855
11042393
54626765
268827960
502514866
37533753
282962386
307
7414383
372201534
440149347
433521659
274810354
10834
17
220542723
639642318
441910514
958538335
178214256
368931877
964739811
569961939
261591823
12057555
15
8775480
822593771
109200921
202543272
761085943
807866414
240760179
27774351
894866148
484117914
5
210
8246422
218106567
24859
3336
469165973
7
11721841
574456641
24
1
140616772
777537953
393708514
30792050
7694
83633015
4
22054467
964013162
166279010
578826952
186642471
266007436
6
176175091
444047651
432081243
210181751
429439510
7373
757511847
127308197
440966966
277191051
710916096
831863501
283
7051
864138546
498812723
141603684
16332
819983700
266580319
885495806
287081198
119969599
604957890
402647
722204119
973655855
3561
990
626258795
704723899
18
769045193
187324918
11
856750335
641436979
495369255
236409465
992999852
98
728497719
76678
832976952
5848382
219590984
647800947
870160628
662291150
9779
695465500
274073
514116502
981606683
503
837598653
935851699
17
428849421
3553
909542379
991750797
219620093
289738665
387018
5640851
163234797
830588245
401
191542686
840697837
501712280
824097754
484445459
11899146
942483664
973226738
5412601
272678275
481
590710987
289959977
234356367
834053263
2449
824711748
272566
326
614866481
427
18
163333501
445700494
346310382
1895
4172
602536425
1
897002057
233149841
562440933
914348088
847593898
51936039
11713
92657755
454
89602050
443
219
456
17
52504653
4316
30861505
52590707
202051198
334
158665440
