510908677
347951513
254
283652
958220273
486242730
777134994
543
586
420
21
1503
3511
21021866
555
639511831
8606
330794
575014765
14
354169
334274795
155436
6357
344915230
16
4638900
724510560
452545
455109426
24
11889
4682946
134751047
20513893
15
328126
22
11073083
2201
11502520
469
6093289
4
907625303
12186
8605169
23
8716312
7866
242162
166
985159046
469338574
7521384
828619776
9843
312
70647
2
358154
254538
400901
501062548
13
4963
486364834
12987
8326
11414
106
6816617
654
886931417
5725294
2
295
9736
576562510
224269
13021
204060757
775331713
8
109
8758475
293405523
293583506
308165
22
10851
912531915
506415111
243049763
12
33
6538
4126155
515
14868
10961179
365780
5843382
1409
2100692
5926967
54294272
317896956
45978004
4775431
10963851
379
26
303275200
17466
590
242903178
119611
205563
7
130578929
17260
13545
405069
20
664
894686432
16
2737840
370
411905412
6519
68876667
626153407
285811865
348421
483885933
64688878
360411116
686
494
321568527
358943400
264709
22
52025654
2
15
380666
22
6
287255005
905661961
284
5742
140369359
149520756
484999062
10696
359538
184
1131
13767
805213754
157575345
23
244108933
278240393
12
261976
251329777
3699
334617
1109
11919049
8
16
540529984
13
419230552
10897982
701
742523830
13296
55291
463827
227808
519134719
254875
10
3
1612829
3
198
319054686
401
94806
7294582
731954460
899963379
17452
205440
146899769
169408975
108
14732
550
3438
39500367
23
908211207
225371
34888
6367025
9984341
293022029
7390913
242143126
1031
3
108501
139
261472
97
102446
345489
8880
381272726
1104
13875
514512
368854
612618470
14786
4910772
11629737
121938106
649968873
112587
15
258522216
8830085
352244
503
191231
13904
116976049
161180399
10806
833752894
176087
595256185
13190
960002708
6266
270042495
17
361054
671981342
4048658
12
471682678
420
3107913
18018
81
109362149
12
241941
1602143
485
169705865
479
333878
217390063
3773839
87008598
282
23
3
288
1823
570
11633
347360
459
94819
267642465
992013734
4936
13886
15
8466108
652637815
520179602
216119579
2824
7147433
192511
316251
277189
99103320
2
340870
9360
5
9
254247636
102
342
537
609
741194671
9641
5561541
135782327
297094
5756
127157428
600126769
637352459
6453694
816789601
11
1190
6282326
10887
661647373
156590242
810491
318
11714280
890474820
8855
223654
118996777
139555910
3083
1431
743198375
212
165832664
8318671
90932
50224
408
986174744
23
14
18
120794845
10
8672327
6064624
448371023
11639661
174031
338
173676
4
14857290
9748603
410776989
227180491
74406
508465975
17222
10701352
201
27855659
208935471
4459
4625137
513300559
741360976
300151691
513844971
740557243
157603382
352700420
103371874
84316680
20
352123533
3102028
372367787
133941464
229697048
3964
4
253409710
7684
301
421073
242408381
3693
229647663
573
11265193
13390
370667
589784750
53073635
507331732
3792
671325135
9387
666
7844608
441253
741029129
838859982
176
137733788
14173
26
37
70163389
613212451
356
7494792
158603067
140564
233
21
6288875
350329
966887446
103878088
82817568
15186
231056891
28336406
230696
31051917
615
126
184255
111560539
865353716
17833
176821
9144
171237761
587874763
923205289
6761
237077
2131219
994526624
200585539
9
301
2337
207373
209930326
411437
35379266
309797407
19
2188367
76857900
307384
9455363
576
677246228
12351614
105288
971521530
9046
281487964
164950921
143324
353
140868
621
1273730
160298
26
6
4287254
978049554
126
225423
9479
270948905
163698
298192862
5656915
8084660
8
98564414
34928902
386904500
22
164478687
5572031
288648353
18
18
271390139
5989
147673273
26
135018006
245088999
3
16966
2585538
12
153
200048656
15514
241
657
15123
282
195377666
7707066
280160842
312
3262
345172
302394485
153
7002
240
330
380
4784557
612
20
4100808
590517920
7218
4465
1236787
476411746
530259316
6667271
112465724
26
7653612
378070076
10261
339476
519
751179076
3
457588176
965956
163920170
355
761
22
18175
223256681
41
12
433011445
29598429
7347260
9535
771138868
158540757
8
205226494
15486
938533068
17
12028523
189800517
665
19
57512
82280
206064490
12
654596258
136006867
578
483
2442016
633574550
20
169975421
44791992
253281766
556241583
4095705
9933813
453
14
204850435
167216
15
14
8722312
76655
26
441576
7187
57855658
17472
33511
7291707
541501560
42667
501158431
3030
7225829
905971624
411
230
3826
213860716
878919258
437680229
125956115
108193921
11990544
19
11
216911858
268303977
12740
4171
9299996
628295278
89952
389760784
425087
10175
89427877
1837803
6107232
20
587947040
16417
175701415
7711367
555275950
31230
412368776
12602
4177646
644
269050
367097
13
66
447916417
469
13
248743035
80634384
285419391
890675016
197496224
6237
15062
131015072
13400
194831167
5861931
234
126320689
714403154
10
135738741
155817
810392802
19
974945231
99185312
8
233075462
18
51604389
322126835
636930280
68936594
190060911
304080
630398202
44679383
133292877
9024220
11789367
184150710
298089059
20
131
899168443
263124780
9673
100958770
2771
16913
11495161
931644950
3187
13113
961636708
88308300
213483014
35861
100768
655396178
66440402
2449002
324276086
297536805
24
208
6086665
439
762010232
805892524
842079167
4224575
179050632
37
116379235
270851162
22
1011382
9633078
25
47021194
103009260
1215140
4846963
6390701
6953
21
163
588392357
266646139
20175740
5
11240
30438075
175533099
359399
12342981
20
62815664
611
437314
3558583
548
1693509
10
321022112
13922
16185
335665
54025199
1860625
285454227
20
946517941
202809254
6
10286179
84777
454474284
290883
865528771
22
811730118
14309
395316
347279
943728873
22505424
8
941310224
749914112
194371029
8649
198566059
682651604
23
17764380
941147683
306907660
142
17028
258680367
9042198
254949936
311617
191
5
864555804
476532025
262370
165413
20
305353076
344923
245932884
154
14
33
18
227
7518497
24
27375703
99755717
123833194
980661324
200755
22
792236512
214441868
77
1
246372
21
600
188
22
315412303
231323719
936491676
324
52158203
6329233
10365
555
843979543
5955476
674491743
121486477
77986331
124339875
4515
333322393
2420
355733
663252875
34232
14
1843
4947498
2876450
834092
10122974
6740
691726614
227147
1216
126109030
150825
14
446
958882221
22768
17666
5502225
25
487049405
207991
40668016
887131429
242
150873228
14
231909641
205255063
21
20
273729
858642934
494
400003
3
300090100
10024194
8686407
214160596
958835742
307
4303
580
10267977
150529
2168803
9667331
169
332718777
458966
7325215
960481647
846099744
224195563
419668958
13
422001752
2634418
2491
38161145
16978
2346
100546
8
184955096
161
2697021
192815927
7028810
162973645
204671728
8
325503154
612
416322
10353
128935604
111326920
2
155055470
664043054
1952
272665795
312
238834773
335
344250505
5
390
26
738611040
517
628775855
13191
8278501
456
19025431
83497968
691921947
13154
252873
1592422
5693959
189180526
3254880
956447129
600546861
11112648
64
8
1
510409180
15
957
62574
171841921
10488
146998337
15231
26
392
9326
26
70043034
9785334
126170
242967886
3152
236581638
218
473350042
9540
360941
909828031
198653373
693490053
9209281
177606939
434454
272490675
6874956
129162378
153271
3
835106790
773319487
497366292
107604
74762
13
38475
24
18
86530194
