500
21 3
19 6
15 6
18 14
9 7
30 15
2 2
19 17
26 6
4 4
7 4
2 1
19 18
18 5
23 8
5 3
17 14
9 8
26 26
20 11
18 13
3 3
18 2
9 6
18 8
8 5
17 8
1 1
19 8
25 19
21 11
1 1
17 7
24 22
30 12
8 1
18 10
26 23
32 14
9 2
2 2
9 2
4 1
14 5
30 8
19 12
14 7
17 17
29 29
8 1
28 9
12 10
15 14
9 2
10 10
28 20
9 3
4 2
19 1
27 25
13 13
25 14
16 10
8 8
14 2
14 9
2 2
16 14
11 6
2 1
6 4
30 5
19 12
29 21
31 12
3 3
17 13
9 4
22 9
23 6
32 32
8 7
4 2
28 5
21 4
8 2
15 14
15 4
11 10
17 13
24 21
28 1
10 5
18 4
31 29
1 1
20 15
3 3
6 5
16 15
27 19
32 12
14 3
2 2
13 11
11 3
31 23
29 7
32 8
28 27
1 1
1 1
13 9
11 3
3 3
10 5
15 9
22 11
24 9
31 14
28 20
30 6
32 6
14 2
14 6
17 8
6 4
22 22
18 9
15 11
31 18
29 15
17 13
13 13
20 13
3 3
7 3
21 1
17 4
16 3
14 1
29 26
15 2
31 2
19 10
32 12
8 3
9 7
31 26
9 7
10 5
30 19
16 6
4 1
5 2
12 4
24 1
28 19
23 14
19 11
32 27
11 2
7 7
19 11
27 17
3 2
31 16
4 3
8 2
12 1
14 6
18 2
26 23
23 14
21 14
4 1
5 2
13 1
20 16
23 5
13 8
23 21
23 9
9 6
5 5
11 10
5 5
17 9
6 3
28 18
14 14
29 22
32 18
13 2
20 20
18 15
9 6
12 3
9 3
14 6
15 7
21 4
8 2
18 13
7 5
23 15
22 9
16 16
4 1
12 5
7 1
29 14
8 8
19 8
19 5
32 28
23 13
32 28
17 14
20 1
23 3
18 8
1 1
17 3
31 27
30 1
29 8
32 18
30 9
11 2
26 1
29 24
12 4
21 11
25 20
1 1
29 12
9 4
13 7
22 18
10 1
26 4
2 2
25 13
26 19
7 5
3 2
22 9
16 14
1 1
19 19
27 22
11 3
13 12
26 18
28 26
26 26
6 2
17 9
12 7
16 11
14 4
23 2
18 6
12 8
30 2
14 11
13 9
10 3
30 2
13 3
31 21
25 6
10 5
26 20
14 7
2 2
21 8
23 6
20 9
26 2
29 28
26 24
2 1
10 7
13 2
6 5
14 9
2 2
30 29
16 10
13 7
26 6
14 10
26 10
1 1
16 13
14 11
8 6
11 4
13 11
5 1
28 23
28 14
1 1
28 25
21 1
7 4
17 1
3 2
10 2
11 10
30 28
18 14
16 10
8 2
12 2
22 13
16 5
27 9
27 18
2 2
2 2
29 3
2 1
24 14
14 1
18 13
31 31
23 7
6 1
17 4
2 2
28 14
20 5
31 1
31 19
26 25
21 20
26 15
28 8
13 2
27 16
31 31
25 12
2 2
12 8
30 1
18 6
2 1
15 15
3 1
17 9
24 6
17 5
9 3
4 1
5 2
4 1
30 19
20 8
17 12
31 4
25 25
12 11
16 16
8 2
25 21
8 6
16 7
23 11
2 1
12 9
15 14
23 10
9 3
2 1
32 1
13 11
1 1
27 21
17 4
2 1
24 1
30 17
10 4
11 9
13 3
1 1
9 2
21 15
8 3
6 3
26 17
18 12
22 6
13 6
5 2
6 5
16 6
19 13
1 1
3 3
24 17
8 7
2 2
28 25
32 10
8 7
28 8
4 2
31 23
19 4
30 1
29 4
12 7
18 11
11 1
10 9
31 16
5 2
5 2
13 5
1 1
30 10
20 20
23 11
27 19
24 18
12 6
14 1
32 2
8 5
17 13
12 8
18 5
32 1
18 18
16 16
25 11
14 11
25 5
24 13
1 1
23 22
7 5
17 12
19 2
2 1
11 9
13 2
31 29
6 6
15 15
9 9
32 12
22 6
15 11
29 8
10 4
10 1
14 14
4 1
27 2
28 11
31 22
20 6
24 8
1 1
31 12
25 1
15 12
29 21
18 9
16 8
4 1
22 3
19 1
3 1
19 13
4 2
17 14
21 3
9 1
6 6
26 16
30 19
6 4
13 10
24 23
1 1
26 8
3 3
26 7
18 4
11 10
9 3
7 1
28 12
32 9
