4194288.00
1048448.00
65408.00
491520.00
768.00
147418098.00
0.00
786432.00
134217600.00
0.00
224.00
4.00
524288.00
524224.00
16776704.00
48.00
229376.00
512.00
0.00
2093056.00
507904.00
0.00
524280.00
896.00
523776.00
448.00
261632.00
0.00
1048064.00
66060288.00
4190208.00
0.00
261888.00
25165824.00
147475442.00
508.00
522240.00
117440512.00
589901768.00
1016.00
0.00
1016.00
28.00
32704.00
147483122.00
1040384.00
32512.00
0.00
0.00
508.00
536869888.00
6144.00
32768.00
1016.00
0.00
534773760.00
1008.00
24.00
1048572.00
201326592.00
0.00
67076096.00
129024.00
0.00
32760.00
31744.00
0.00
98304.00
3968.00
4.00
96.00
147483570.00
1040384.00
69547513.00
294959076.00
0.00
245760.00
992.00
8387584.00
16777088.00
0.00
256.00
24.00
536870848.00
4194272.00
504.00
32768.00
65504.00
2048.00
245760.00
29360128.00
536870908.00
1984.00
524256.00
221225451.00
0.00
2031616.00
0.00
64.00
65536.00
267386880.00
589926344.00
32752.00
0.00
12288.00
4080.00
278190052.00
73741561.00
589934024.00
268435456.00
0.00
0.00
15360.00
4080.00
0.00
1984.00
64512.00
8384512.00
33553408.00
294934500.00
534773760.00
147483506.00
589934408.00
32760.00
32640.00
261632.00
96.00
0.00
523264.00
61440.00
294442980.00
73676281.00
245760.00
0.00
2080768.00
0.00
240.00
4194300.00
262112.00
131056.00
32764.00
-60475911.00
65528.00
294967260.00
1046528.00
589926344.00
496.00
768.00
160749540.00
768.00
1984.00
146435058.00
130944.00
28.00
56.00
8160.00
33554428.00
535822336.00
16744448.00
1044480.00
321499080.00
4088.00
0.00
1044480.00
268173312.00
8.00
294836196.00
16.00
504.00
8188.00
32640.00
524280.00
117440512.00
16744448.00
4161536.00
28.00
56.00
16380.00
1966080.00
16777152.00
15872.00
12582912.00
16776192.00
896.00
0.00
2048.00
0.00
261120.00
112.00
536346624.00
0.00
65353209.00
589410248.00
16376.00
0.00
458752.00
896.00
8176.00
1008.00
32640.00
65280.00
4194272.00
504.00
507904.00
192.00
16711680.00
8387584.00
0.00
28.00
8128.00
252.00
73709049.00
0.00
1048064.00
1048512.00
53063624.00
16760832.00
53063624.00
229376.00
2097148.00
16777200.00
523776.00
0.00
262128.00
26531812.00
147483630.00
73741305.00
589410248.00
147482610.00
4088.00
134217724.00
40187385.00
8160.00
4190208.00
65011712.00
0.00
73733625.00
992.00
16128.00
7864320.00
2044.00
134217696.00
0.00
67092480.00
133169152.00
192.00
8.00
8387584.00
98304.00
0.00
0.00
260046848.00
4080.00
8192.00
133693440.00
402653184.00
0.00
120.00
261120.00
7936.00
126976.00
32736.00
16777208.00
524160.00
7680.00
147483626.00
28672.00
15360.00
2032.00
147483626.00
16368.00
290772964.00
67108736.00
1984.00
132120576.00
32512.00
0.00
4193792.00
16777088.00
2096128.00
134217720.00
-463129095.00
100663296.00
4.00
1792.00
16376.00
64.00
31744.00
0.00
73741817.00
129024.00
16128.00
134217600.00
30720.00
134215680.00
0.00
114688.00
28672.00
384.00
4064.00
12288.00
60.00
520093696.00
536838144.00
0.00
469762048.00
4194300.00
224.00
262140.00
8.00
2040.00
2048.00
-389387278.00
491520.00
129024.00
504.00
8184.00
8372224.00
131008.00
268434432.00
267911168.00
0.00
0.00
73741801.00
4.00
33521664.00
32764.00
507904.00
0.00
16776960.00
124.00
262112.00
0.00
536838144.00
2097088.00
294967264.00
293918692.00
67108864.00
2097152.00
134152192.00
536870400.00
16376.00
268304384.00
0.00
67100672.00
0.00
7680.00
147483630.00
524160.00
4.00
0.00
12.00
261120.00
33554304.00
262080.00
1008.00
28.00
56.00
28.00
146435058.00
2096640.00
253952.00
294967236.00
0.00
4096.00
0.00
504.00
62914560.00
384.00
130816.00
16773120.00
4.00
7168.00
32768.00
16775168.00
1008.00
4.00
589934532.00
12288.00
0.00
264241152.00
262112.00
4.00
33554428.00
147221490.00
2016.00
3072.00
16368.00
0.00
1016.00
4128768.00
496.00
112.00
133955584.00
516096.00
8388480.00
16256.00
56.00
64.00
130944.00
1032192.00
0.00
0.00
33292288.00
256.00
0.00
469762048.00
589932488.00
256.00
536870400.00
24.00
278190052.00
1048544.00
147483630.00
73741785.00
7936.00
520192.00
4092.00
1024.00
294836196.00
56.00
56.00
16320.00
0.00
147481586.00
0.00
16773120.00
267386880.00
33030144.00
8064.00
32764.00
589934528.00
448.00
245760.00
7680.00
524224.00
589934532.00
0.00
0.00
67104768.00
28672.00
67108800.00
33538048.00
0.00
8388608.00
192.00
253952.00
1048568.00
4.00
3072.00
16376.00
221225451.00
0.00
0.00
0.00
589926344.00
8388480.00
61440.00
73741305.00
2016.00
2044.00
0.00
28.00
268435448.00
536866816.00
286578660.00
2097024.00
33553920.00
0.00
294959076.00
67108860.00
57344.00
69547513.00
523264.00
130560.00
28.00
8388592.00
1048572.00
12.00
1032192.00
24.00
229376.00
4194288.00
1020.00
0.00
134086656.00
146435058.00
96.00
14336.00
16777216.00
0.00
134217216.00
0.00
134217472.00
524256.00
2048.00
1008.00
252.00
536862720.00
589933512.00
