1000
10 998244350
1 1 1 1 1 1 1 1 1 1 
10 998244350
2 2 2 2 2 2 2 2 2 2 
10 998244350
3 3 3 3 3 3 3 3 3 3 
10 998244350
4 4 4 4 4 4 4 4 4 4 
10 998244350
5 5 5 5 5 5 5 5 5 5 
10 998244350
6 6 6 6 6 6 6 6 6 6 
10 998244350
7 7 7 7 7 7 7 7 7 7 
10 998244350
8 8 8 8 8 8 8 8 8 8 
10 998244350
9 9 9 9 9 9 9 9 9 9 
10 998244350
10 10 10 10 10 10 10 10 10 10 
10 998244350
11 11 11 11 11 11 11 11 11 11 
10 998244350
12 12 12 12 12 12 12 12 12 12 
10 998244350
13 13 13 13 13 13 13 13 13 13 
10 998244350
14 14 14 14 14 14 14 14 14 14 
10 998244350
15 15 15 15 15 15 15 15 15 15 
10 998244350
16 16 16 16 16 16 16 16 16 16 
10 998244350
17 17 17 17 17 17 17 17 17 17 
10 998244350
18 18 18 18 18 18 18 18 18 18 
10 998244350
19 19 19 19 19 19 19 19 19 19 
10 998244350
20 20 20 20 20 20 20 20 20 20 
10 998244350
21 21 21 21 21 21 21 21 21 21 
10 998244350
22 22 22 22 22 22 22 22 22 22 
10 998244350
23 23 23 23 23 23 23 23 23 23 
10 998244350
24 24 24 24 24 24 24 24 24 24 
10 998244350
25 25 25 25 25 25 25 25 25 25 
10 998244350
26 26 26 26 26 26 26 26 26 26 
10 998244350
27 27 27 27 27 27 27 27 27 27 
10 998244350
28 28 28 28 28 28 28 28 28 28 
10 998244350
29 29 29 29 29 29 29 29 29 29 
10 998244350
30 30 30 30 30 30 30 30 30 30 
10 998244350
31 31 31 31 31 31 31 31 31 31 
10 998244350
32 32 32 32 32 32 32 32 32 32 
10 998244350
33 33 33 33 33 33 33 33 33 33 
10 998244350
34 34 34 34 34 34 34 34 34 34 
10 998244350
35 35 35 35 35 35 35 35 35 35 
10 998244350
36 36 36 36 36 36 36 36 36 36 
10 998244350
37 37 37 37 37 37 37 37 37 37 
10 998244350
38 38 38 38 38 38 38 38 38 38 
10 998244350
39 39 39 39 39 39 39 39 39 39 
10 998244350
40 40 40 40 40 40 40 40 40 40 
10 998244350
41 41 41 41 41 41 41 41 41 41 
10 998244350
42 42 42 42 42 42 42 42 42 42 
10 998244350
43 43 43 43 43 43 43 43 43 43 
10 998244350
44 44 44 44 44 44 44 44 44 44 
10 998244350
45 45 45 45 45 45 45 45 45 45 
10 998244350
46 46 46 46 46 46 46 46 46 46 
10 998244350
47 47 47 47 47 47 47 47 47 47 
10 998244350
48 48 48 48 48 48 48 48 48 48 
10 998244350
49 49 49 49 49 49 49 49 49 49 
10 998244350
50 50 50 50 50 50 50 50 50 50 
10 998244350
51 51 51 51 51 51 51 51 51 51 
10 998244350
52 52 52 52 52 52 52 52 52 52 
10 998244350
53 53 53 53 53 53 53 53 53 53 
10 998244350
54 54 54 54 54 54 54 54 54 54 
10 998244350
55 55 55 55 55 55 55 55 55 55 
10 998244350
56 56 56 56 56 56 56 56 56 56 
10 998244350
57 57 57 57 57 57 57 57 57 57 
10 998244350
58 58 58 58 58 58 58 58 58 58 
10 998244350
59 59 59 59 59 59 59 59 59 59 
10 998244350
60 60 60 60 60 60 60 60 60 60 
10 998244350
61 61 61 61 61 61 61 61 61 61 
10 998244350
62 62 62 62 62 62 62 62 62 62 
10 998244350
63 63 63 63 63 63 63 63 63 63 
10 998244350
64 64 64 64 64 64 64 64 64 64 
10 998244350
65 65 65 65 65 65 65 65 65 65 
10 998244350
66 66 66 66 66 66 66 66 66 66 
10 998244350
67 67 67 67 67 67 67 67 67 67 
10 998244350
68 68 68 68 68 68 68 68 68 68 
10 998244350
69 69 69 69 69 69 69 69 69 69 
10 998244350
70 70 70 70 70 70 70 70 70 70 
10 998244350
71 71 71 71 71 71 71 71 71 71 
10 998244350
72 72 72 72 72 72 72 72 72 72 
10 998244350
73 73 73 73 73 73 73 73 73 73 
10 998244350
74 74 74 74 74 74 74 74 74 74 
10 998244350
75 75 75 75 75 75 75 75 75 75 
10 998244350
76 76 76 76 76 76 76 76 76 76 
10 998244350
77 77 77 77 77 77 77 77 77 77 
10 998244350
78 78 78 78 78 78 78 78 78 78 
10 998244350
79 79 79 79 79 79 79 79 79 79 
10 998244350
80 80 80 80 80 80 80 80 80 80 
10 998244350
81 81 81 81 81 81 81 81 81 81 
10 998244350
82 82 82 82 82 82 82 82 82 82 
10 998244350
83 83 83 83 83 83 83 83 83 83 
10 998244350
84 84 84 84 84 84 84 84 84 84 
10 998244350
85 85 85 85 85 85 85 85 85 85 
10 998244350
86 86 86 86 86 86 86 86 86 86 
10 998244350
87 87 87 87 87 87 87 87 87 87 
10 998244350
88 88 88 88 88 88 88 88 88 88 
10 998244350
89 89 89 89 89 89 89 89 89 89 
10 998244350
90 90 90 90 90 90 90 90 90 90 
10 998244350
91 91 91 91 91 91 91 91 91 91 
10 998244350
92 92 92 92 92 92 92 92 92 92 
10 998244350
93 93 93 93 93 93 93 93 93 93 
10 998244350
94 94 94 94 94 94 94 94 94 94 
10 998244350
95 95 95 95 95 95 95 95 95 95 
10 998244350
96 96 96 96 96 96 96 96 96 96 
10 998244350
97 97 97 97 97 97 97 97 97 97 
10 998244350
98 98 98 98 98 98 98 98 98 98 
10 998244350
99 99 99 99 99 99 99 99 99 99 
10 998244350
100 100 100 100 100 100 100 100 100 100 
10 998244350
101 101 101 101 101 101 101 101 101 101 
10 998244350
102 102 102 102 102 102 102 102 102 102 
10 998244350
103 103 103 103 103 103 103 103 103 103 
10 998244350
104 104 104 104 104 104 104 104 104 104 
10 998244350
105 105 105 105 105 105 105 105 105 105 
10 998244350
106 106 106 106 106 106 106 106 106 106 
10 998244350
107 107 107 107 107 107 107 107 107 107 
10 998244350
108 108 108 108 108 108 108 108 108 108 
10 998244350
109 109 109 109 109 109 109 109 109 109 
10 998244350
110 110 110 110 110 110 110 110 110 110 
10 998244350
111 111 111 111 111 111 111 111 111 111 
10 998244350
112 112 112 112 112 112 112 112 112 112 
10 998244350
113 113 113 113 113 113 113 113 113 113 
10 998244350
114 114 114 114 114 114 114 114 114 114 
10 998244350
115 115 115 115 115 115 115 115 115 115 
10 998244350
116 116 116 116 116 116 116 116 116 116 
10 998244350
117 117 117 117 117 117 117 117 117 117 
10 998244350
118 118 118 118 118 118 118 118 118 118 
10 998244350
119 119 119 119 119 119 119 119 119 119 
10 998244350
120 120 120 120 120 120 120 120 120 120 
10 998244350
121 121 121 121 121 121 121 121 121 121 
10 998244350
122 122 122 122 122 122 122 122 122 122 
10 998244350
123 123 123 123 123 123 123 123 123 123 
10 998244350
124 124 124 124 124 124 124 124 124 124 
10 998244350
125 125 125 125 125 125 125 125 125 125 
10 998244350
126 126 126 126 126 126 126 126 126 126 
10 998244350
127 127 127 127 127 127 127 127 127 127 
10 998244350
128 128 128 128 128 128 128 128 128 128 
10 998244350
129 129 129 129 129 129 129 129 129 129 
10 998244350
130 130 130 130 130 130 130 130 130 130 
10 998244350
131 131 131 131 131 131 131 131 131 131 
10 998244350
132 132 132 132 132 132 132 132 132 132 
10 998244350
133 133 133 133 133 133 133 133 133 133 
10 998244350
134 134 134 134 134 134 134 134 134 134 
10 998244350
135 135 135 135 135 135 135 135 135 135 
10 998244350
136 136 136 136 136 136 136 136 136 136 
10 998244350
137 137 137 137 137 137 137 137 137 137 
10 998244350
138 138 138 138 138 138 138 138 138 138 
10 998244350
139 139 139 139 139 139 139 139 139 139 
10 998244350
140 140 140 140 140 140 140 140 140 140 
10 998244350
141 141 141 141 141 141 141 141 141 141 
10 998244350
142 142 142 142 142 142 142 142 142 142 
10 998244350
143 143 143 143 143 143 143 143 143 143 
10 998244350
144 144 144 144 144 144 144 144 144 144 
10 998244350
145 145 145 145 145 145 145 145 145 145 
10 998244350
146 146 146 146 146 146 146 146 146 146 
10 998244350
147 147 147 147 147 147 147 147 147 147 
10 998244350
148 148 148 148 148 148 148 148 148 148 
10 998244350
149 149 149 149 149 149 149 149 149 149 
10 998244350
150 150 150 150 150 150 150 150 150 150 
10 998244350
151 151 151 151 151 151 151 151 151 151 
10 998244350
152 152 152 152 152 152 152 152 152 152 
10 998244350
153 153 153 153 153 153 153 153 153 153 
10 998244350
154 154 154 154 154 154 154 154 154 154 
10 998244350
155 155 155 155 155 155 155 155 155 155 
10 998244350
156 156 156 156 156 156 156 156 156 156 
10 998244350
157 157 157 157 157 157 157 157 157 157 
10 998244350
158 158 158 158 158 158 158 158 158 158 
10 998244350
159 159 159 159 159 159 159 159 159 159 
10 998244350
160 160 160 160 160 160 160 160 160 160 
10 998244350
161 161 161 161 161 161 161 161 161 161 
10 998244350
162 162 162 162 162 162 162 162 162 162 
10 998244350
163 163 163 163 163 163 163 163 163 163 
10 998244350
164 164 164 164 164 164 164 164 164 164 
10 998244350
165 165 165 165 165 165 165 165 165 165 
10 998244350
166 166 166 166 166 166 166 166 166 166 
10 998244350
167 167 167 167 167 167 167 167 167 167 
10 998244350
168 168 168 168 168 168 168 168 168 168 
10 998244350
169 169 169 169 169 169 169 169 169 169 
10 998244350
170 170 170 170 170 170 170 170 170 170 
10 998244350
171 171 171 171 171 171 171 171 171 171 
10 998244350
172 172 172 172 172 172 172 172 172 172 
10 998244350
173 173 173 173 173 173 173 173 173 173 
10 998244350
174 174 174 174 174 174 174 174 174 174 
10 998244350
175 175 175 175 175 175 175 175 175 175 
10 998244350
176 176 176 176 176 176 176 176 176 176 
10 998244350
177 177 177 177 177 177 177 177 177 177 
10 998244350
178 178 178 178 178 178 178 178 178 178 
10 998244350
179 179 179 179 179 179 179 179 179 179 
10 998244350
180 180 180 180 180 180 180 180 180 180 
10 998244350
181 181 181 181 181 181 181 181 181 181 
10 998244350
182 182 182 182 182 182 182 182 182 182 
10 998244350
183 183 183 183 183 183 183 183 183 183 
10 998244350
184 184 184 184 184 184 184 184 184 184 
10 998244350
185 185 185 185 185 185 185 185 185 185 
10 998244350
186 186 186 186 186 186 186 186 186 186 
10 998244350
187 187 187 187 187 187 187 187 187 187 
10 998244350
188 188 188 188 188 188 188 188 188 188 
10 998244350
189 189 189 189 189 189 189 189 189 189 
10 998244350
190 190 190 190 190 190 190 190 190 190 
10 998244350
191 191 191 191 191 191 191 191 191 191 
10 998244350
192 192 192 192 192 192 192 192 192 192 
10 998244350
193 193 193 193 193 193 193 193 193 193 
10 998244350
194 194 194 194 194 194 194 194 194 194 
10 998244350
195 195 195 195 195 195 195 195 195 195 
10 998244350
196 196 196 196 196 196 196 196 196 196 
10 998244350
197 197 197 197 197 197 197 197 197 197 
10 998244350
198 198 198 198 198 198 198 198 198 198 
10 998244350
199 199 199 199 199 199 199 199 199 199 
10 998244350
200 200 200 200 200 200 200 200 200 200 
10 998244350
201 201 201 201 201 201 201 201 201 201 
10 998244350
202 202 202 202 202 202 202 202 202 202 
10 998244350
203 203 203 203 203 203 203 203 203 203 
10 998244350
204 204 204 204 204 204 204 204 204 204 
10 998244350
205 205 205 205 205 205 205 205 205 205 
10 998244350
206 206 206 206 206 206 206 206 206 206 
10 998244350
207 207 207 207 207 207 207 207 207 207 
10 998244350
208 208 208 208 208 208 208 208 208 208 
10 998244350
209 209 209 209 209 209 209 209 209 209 
10 998244350
210 210 210 210 210 210 210 210 210 210 
10 998244350
211 211 211 211 211 211 211 211 211 211 
10 998244350
212 212 212 212 212 212 212 212 212 212 
10 998244350
213 213 213 213 213 213 213 213 213 213 
10 998244350
214 214 214 214 214 214 214 214 214 214 
10 998244350
215 215 215 215 215 215 215 215 215 215 
10 998244350
216 216 216 216 216 216 216 216 216 216 
10 998244350
217 217 217 217 217 217 217 217 217 217 
10 998244350
218 218 218 218 218 218 218 218 218 218 
10 998244350
219 219 219 219 219 219 219 219 219 219 
10 998244350
220 220 220 220 220 220 220 220 220 220 
10 998244350
221 221 221 221 221 221 221 221 221 221 
10 998244350
222 222 222 222 222 222 222 222 222 222 
10 998244350
223 223 223 223 223 223 223 223 223 223 
10 998244350
224 224 224 224 224 224 224 224 224 224 
10 998244350
225 225 225 225 225 225 225 225 225 225 
10 998244350
226 226 226 226 226 226 226 226 226 226 
10 998244350
227 227 227 227 227 227 227 227 227 227 
10 998244350
228 228 228 228 228 228 228 228 228 228 
10 998244350
229 229 229 229 229 229 229 229 229 229 
10 998244350
230 230 230 230 230 230 230 230 230 230 
10 998244350
231 231 231 231 231 231 231 231 231 231 
10 998244350
232 232 232 232 232 232 232 232 232 232 
10 998244350
233 233 233 233 233 233 233 233 233 233 
10 998244350
234 234 234 234 234 234 234 234 234 234 
10 998244350
235 235 235 235 235 235 235 235 235 235 
10 998244350
236 236 236 236 236 236 236 236 236 236 
10 998244350
237 237 237 237 237 237 237 237 237 237 
10 998244350
238 238 238 238 238 238 238 238 238 238 
10 998244350
239 239 239 239 239 239 239 239 239 239 
10 998244350
240 240 240 240 240 240 240 240 240 240 
10 998244350
241 241 241 241 241 241 241 241 241 241 
10 998244350
242 242 242 242 242 242 242 242 242 242 
10 998244350
243 243 243 243 243 243 243 243 243 243 
10 998244350
244 244 244 244 244 244 244 244 244 244 
10 998244350
245 245 245 245 245 245 245 245 245 245 
10 998244350
246 246 246 246 246 246 246 246 246 246 
10 998244350
247 247 247 247 247 247 247 247 247 247 
10 998244350
248 248 248 248 248 248 248 248 248 248 
10 998244350
249 249 249 249 249 249 249 249 249 249 
10 998244350
250 250 250 250 250 250 250 250 250 250 
10 998244350
251 251 251 251 251 251 251 251 251 251 
10 998244350
252 252 252 252 252 252 252 252 252 252 
10 998244350
253 253 253 253 253 253 253 253 253 253 
10 998244350
254 254 254 254 254 254 254 254 254 254 
10 998244350
255 255 255 255 255 255 255 255 255 255 
10 998244350
256 256 256 256 256 256 256 256 256 256 
10 998244350
257 257 257 257 257 257 257 257 257 257 
10 998244350
258 258 258 258 258 258 258 258 258 258 
10 998244350
259 259 259 259 259 259 259 259 259 259 
10 998244350
260 260 260 260 260 260 260 260 260 260 
10 998244350
261 261 261 261 261 261 261 261 261 261 
10 998244350
262 262 262 262 262 262 262 262 262 262 
10 998244350
263 263 263 263 263 263 263 263 263 263 
10 998244350
264 264 264 264 264 264 264 264 264 264 
10 998244350
265 265 265 265 265 265 265 265 265 265 
10 998244350
266 266 266 266 266 266 266 266 266 266 
10 998244350
267 267 267 267 267 267 267 267 267 267 
10 998244350
268 268 268 268 268 268 268 268 268 268 
10 998244350
269 269 269 269 269 269 269 269 269 269 
10 998244350
270 270 270 270 270 270 270 270 270 270 
10 998244350
271 271 271 271 271 271 271 271 271 271 
10 998244350
272 272 272 272 272 272 272 272 272 272 
10 998244350
273 273 273 273 273 273 273 273 273 273 
10 998244350
274 274 274 274 274 274 274 274 274 274 
10 998244350
275 275 275 275 275 275 275 275 275 275 
10 998244350
276 276 276 276 276 276 276 276 276 276 
10 998244350
277 277 277 277 277 277 277 277 277 277 
10 998244350
278 278 278 278 278 278 278 278 278 278 
10 998244350
279 279 279 279 279 279 279 279 279 279 
10 998244350
280 280 280 280 280 280 280 280 280 280 
10 998244350
281 281 281 281 281 281 281 281 281 281 
10 998244350
282 282 282 282 282 282 282 282 282 282 
10 998244350
283 283 283 283 283 283 283 283 283 283 
10 998244350
284 284 284 284 284 284 284 284 284 284 
10 998244350
285 285 285 285 285 285 285 285 285 285 
10 998244350
286 286 286 286 286 286 286 286 286 286 
10 998244350
287 287 287 287 287 287 287 287 287 287 
10 998244350
288 288 288 288 288 288 288 288 288 288 
10 998244350
289 289 289 289 289 289 289 289 289 289 
10 998244350
290 290 290 290 290 290 290 290 290 290 
10 998244350
291 291 291 291 291 291 291 291 291 291 
10 998244350
292 292 292 292 292 292 292 292 292 292 
10 998244350
293 293 293 293 293 293 293 293 293 293 
10 998244350
294 294 294 294 294 294 294 294 294 294 
10 998244350
295 295 295 295 295 295 295 295 295 295 
10 998244350
296 296 296 296 296 296 296 296 296 296 
10 998244350
297 297 297 297 297 297 297 297 297 297 
10 998244350
298 298 298 298 298 298 298 298 298 298 
10 998244350
299 299 299 299 299 299 299 299 299 299 
10 998244350
300 300 300 300 300 300 300 300 300 300 
10 998244350
301 301 301 301 301 301 301 301 301 301 
10 998244350
302 302 302 302 302 302 302 302 302 302 
10 998244350
303 303 303 303 303 303 303 303 303 303 
10 998244350
304 304 304 304 304 304 304 304 304 304 
10 998244350
305 305 305 305 305 305 305 305 305 305 
10 998244350
306 306 306 306 306 306 306 306 306 306 
10 998244350
307 307 307 307 307 307 307 307 307 307 
10 998244350
308 308 308 308 308 308 308 308 308 308 
10 998244350
309 309 309 309 309 309 309 309 309 309 
10 998244350
310 310 310 310 310 310 310 310 310 310 
10 998244350
311 311 311 311 311 311 311 311 311 311 
10 998244350
312 312 312 312 312 312 312 312 312 312 
10 998244350
313 313 313 313 313 313 313 313 313 313 
10 998244350
314 314 314 314 314 314 314 314 314 314 
10 998244350
315 315 315 315 315 315 315 315 315 315 
10 998244350
316 316 316 316 316 316 316 316 316 316 
10 998244350
317 317 317 317 317 317 317 317 317 317 
10 998244350
318 318 318 318 318 318 318 318 318 318 
10 998244350
319 319 319 319 319 319 319 319 319 319 
10 998244350
320 320 320 320 320 320 320 320 320 320 
10 998244350
321 321 321 321 321 321 321 321 321 321 
10 998244350
322 322 322 322 322 322 322 322 322 322 
10 998244350
323 323 323 323 323 323 323 323 323 323 
10 998244350
324 324 324 324 324 324 324 324 324 324 
10 998244350
325 325 325 325 325 325 325 325 325 325 
10 998244350
326 326 326 326 326 326 326 326 326 326 
10 998244350
327 327 327 327 327 327 327 327 327 327 
10 998244350
328 328 328 328 328 328 328 328 328 328 
10 998244350
329 329 329 329 329 329 329 329 329 329 
10 998244350
330 330 330 330 330 330 330 330 330 330 
10 998244350
331 331 331 331 331 331 331 331 331 331 
10 998244350
332 332 332 332 332 332 332 332 332 332 
10 998244350
333 333 333 333 333 333 333 333 333 333 
10 998244350
334 334 334 334 334 334 334 334 334 334 
10 998244350
335 335 335 335 335 335 335 335 335 335 
10 998244350
336 336 336 336 336 336 336 336 336 336 
10 998244350
337 337 337 337 337 337 337 337 337 337 
10 998244350
338 338 338 338 338 338 338 338 338 338 
10 998244350
339 339 339 339 339 339 339 339 339 339 
10 998244350
340 340 340 340 340 340 340 340 340 340 
10 998244350
341 341 341 341 341 341 341 341 341 341 
10 998244350
342 342 342 342 342 342 342 342 342 342 
10 998244350
343 343 343 343 343 343 343 343 343 343 
10 998244350
344 344 344 344 344 344 344 344 344 344 
10 998244350
345 345 345 345 345 345 345 345 345 345 
10 998244350
346 346 346 346 346 346 346 346 346 346 
10 998244350
347 347 347 347 347 347 347 347 347 347 
10 998244350
348 348 348 348 348 348 348 348 348 348 
10 998244350
349 349 349 349 349 349 349 349 349 349 
10 998244350
350 350 350 350 350 350 350 350 350 350 
10 998244350
351 351 351 351 351 351 351 351 351 351 
10 998244350
352 352 352 352 352 352 352 352 352 352 
10 998244350
353 353 353 353 353 353 353 353 353 353 
10 998244350
354 354 354 354 354 354 354 354 354 354 
10 998244350
355 355 355 355 355 355 355 355 355 355 
10 998244350
356 356 356 356 356 356 356 356 356 356 
10 998244350
357 357 357 357 357 357 357 357 357 357 
10 998244350
358 358 358 358 358 358 358 358 358 358 
10 998244350
359 359 359 359 359 359 359 359 359 359 
10 998244350
360 360 360 360 360 360 360 360 360 360 
10 998244350
361 361 361 361 361 361 361 361 361 361 
10 998244350
362 362 362 362 362 362 362 362 362 362 
10 998244350
363 363 363 363 363 363 363 363 363 363 
10 998244350
364 364 364 364 364 364 364 364 364 364 
10 998244350
365 365 365 365 365 365 365 365 365 365 
10 998244350
366 366 366 366 366 366 366 366 366 366 
10 998244350
367 367 367 367 367 367 367 367 367 367 
10 998244350
368 368 368 368 368 368 368 368 368 368 
10 998244350
369 369 369 369 369 369 369 369 369 369 
10 998244350
370 370 370 370 370 370 370 370 370 370 
10 998244350
371 371 371 371 371 371 371 371 371 371 
10 998244350
372 372 372 372 372 372 372 372 372 372 
10 998244350
373 373 373 373 373 373 373 373 373 373 
10 998244350
374 374 374 374 374 374 374 374 374 374 
10 998244350
375 375 375 375 375 375 375 375 375 375 
10 998244350
376 376 376 376 376 376 376 376 376 376 
10 998244350
377 377 377 377 377 377 377 377 377 377 
10 998244350
378 378 378 378 378 378 378 378 378 378 
10 998244350
379 379 379 379 379 379 379 379 379 379 
10 998244350
380 380 380 380 380 380 380 380 380 380 
10 998244350
381 381 381 381 381 381 381 381 381 381 
10 998244350
382 382 382 382 382 382 382 382 382 382 
10 998244350
383 383 383 383 383 383 383 383 383 383 
10 998244350
384 384 384 384 384 384 384 384 384 384 
10 998244350
385 385 385 385 385 385 385 385 385 385 
10 998244350
386 386 386 386 386 386 386 386 386 386 
10 998244350
387 387 387 387 387 387 387 387 387 387 
10 998244350
388 388 388 388 388 388 388 388 388 388 
10 998244350
389 389 389 389 389 389 389 389 389 389 
10 998244350
390 390 390 390 390 390 390 390 390 390 
10 998244350
391 391 391 391 391 391 391 391 391 391 
10 998244350
392 392 392 392 392 392 392 392 392 392 
10 998244350
393 393 393 393 393 393 393 393 393 393 
10 998244350
394 394 394 394 394 394 394 394 394 394 
10 998244350
395 395 395 395 395 395 395 395 395 395 
10 998244350
396 396 396 396 396 396 396 396 396 396 
10 998244350
397 397 397 397 397 397 397 397 397 397 
10 998244350
398 398 398 398 398 398 398 398 398 398 
10 998244350
399 399 399 399 399 399 399 399 399 399 
10 998244350
400 400 400 400 400 400 400 400 400 400 
10 998244350
401 401 401 401 401 401 401 401 401 401 
10 998244350
402 402 402 402 402 402 402 402 402 402 
10 998244350
403 403 403 403 403 403 403 403 403 403 
10 998244350
404 404 404 404 404 404 404 404 404 404 
10 998244350
405 405 405 405 405 405 405 405 405 405 
10 998244350
406 406 406 406 406 406 406 406 406 406 
10 998244350
407 407 407 407 407 407 407 407 407 407 
10 998244350
408 408 408 408 408 408 408 408 408 408 
10 998244350
409 409 409 409 409 409 409 409 409 409 
10 998244350
410 410 410 410 410 410 410 410 410 410 
10 998244350
411 411 411 411 411 411 411 411 411 411 
10 998244350
412 412 412 412 412 412 412 412 412 412 
10 998244350
413 413 413 413 413 413 413 413 413 413 
10 998244350
414 414 414 414 414 414 414 414 414 414 
10 998244350
415 415 415 415 415 415 415 415 415 415 
10 998244350
416 416 416 416 416 416 416 416 416 416 
10 998244350
417 417 417 417 417 417 417 417 417 417 
10 998244350
418 418 418 418 418 418 418 418 418 418 
10 998244350
419 419 419 419 419 419 419 419 419 419 
10 998244350
420 420 420 420 420 420 420 420 420 420 
10 998244350
421 421 421 421 421 421 421 421 421 421 
10 998244350
422 422 422 422 422 422 422 422 422 422 
10 998244350
423 423 423 423 423 423 423 423 423 423 
10 998244350
424 424 424 424 424 424 424 424 424 424 
10 998244350
425 425 425 425 425 425 425 425 425 425 
10 998244350
426 426 426 426 426 426 426 426 426 426 
10 998244350
427 427 427 427 427 427 427 427 427 427 
10 998244350
428 428 428 428 428 428 428 428 428 428 
10 998244350
429 429 429 429 429 429 429 429 429 429 
10 998244350
430 430 430 430 430 430 430 430 430 430 
10 998244350
431 431 431 431 431 431 431 431 431 431 
10 998244350
432 432 432 432 432 432 432 432 432 432 
10 998244350
433 433 433 433 433 433 433 433 433 433 
10 998244350
434 434 434 434 434 434 434 434 434 434 
10 998244350
435 435 435 435 435 435 435 435 435 435 
10 998244350
436 436 436 436 436 436 436 436 436 436 
10 998244350
437 437 437 437 437 437 437 437 437 437 
10 998244350
438 438 438 438 438 438 438 438 438 438 
10 998244350
439 439 439 439 439 439 439 439 439 439 
10 998244350
440 440 440 440 440 440 440 440 440 440 
10 998244350
441 441 441 441 441 441 441 441 441 441 
10 998244350
442 442 442 442 442 442 442 442 442 442 
10 998244350
443 443 443 443 443 443 443 443 443 443 
10 998244350
444 444 444 444 444 444 444 444 444 444 
10 998244350
445 445 445 445 445 445 445 445 445 445 
10 998244350
446 446 446 446 446 446 446 446 446 446 
10 998244350
447 447 447 447 447 447 447 447 447 447 
10 998244350
448 448 448 448 448 448 448 448 448 448 
10 998244350
449 449 449 449 449 449 449 449 449 449 
10 998244350
450 450 450 450 450 450 450 450 450 450 
10 998244350
451 451 451 451 451 451 451 451 451 451 
10 998244350
452 452 452 452 452 452 452 452 452 452 
10 998244350
453 453 453 453 453 453 453 453 453 453 
10 998244350
454 454 454 454 454 454 454 454 454 454 
10 998244350
455 455 455 455 455 455 455 455 455 455 
10 998244350
456 456 456 456 456 456 456 456 456 456 
10 998244350
457 457 457 457 457 457 457 457 457 457 
10 998244350
458 458 458 458 458 458 458 458 458 458 
10 998244350
459 459 459 459 459 459 459 459 459 459 
10 998244350
460 460 460 460 460 460 460 460 460 460 
10 998244350
461 461 461 461 461 461 461 461 461 461 
10 998244350
462 462 462 462 462 462 462 462 462 462 
10 998244350
463 463 463 463 463 463 463 463 463 463 
10 998244350
464 464 464 464 464 464 464 464 464 464 
10 998244350
465 465 465 465 465 465 465 465 465 465 
10 998244350
466 466 466 466 466 466 466 466 466 466 
10 998244350
467 467 467 467 467 467 467 467 467 467 
10 998244350
468 468 468 468 468 468 468 468 468 468 
10 998244350
469 469 469 469 469 469 469 469 469 469 
10 998244350
470 470 470 470 470 470 470 470 470 470 
10 998244350
471 471 471 471 471 471 471 471 471 471 
10 998244350
472 472 472 472 472 472 472 472 472 472 
10 998244350
473 473 473 473 473 473 473 473 473 473 
10 998244350
474 474 474 474 474 474 474 474 474 474 
10 998244350
475 475 475 475 475 475 475 475 475 475 
10 998244350
476 476 476 476 476 476 476 476 476 476 
10 998244350
477 477 477 477 477 477 477 477 477 477 
10 998244350
478 478 478 478 478 478 478 478 478 478 
10 998244350
479 479 479 479 479 479 479 479 479 479 
10 998244350
480 480 480 480 480 480 480 480 480 480 
10 998244350
481 481 481 481 481 481 481 481 481 481 
10 998244350
482 482 482 482 482 482 482 482 482 482 
10 998244350
483 483 483 483 483 483 483 483 483 483 
10 998244350
484 484 484 484 484 484 484 484 484 484 
10 998244350
485 485 485 485 485 485 485 485 485 485 
10 998244350
486 486 486 486 486 486 486 486 486 486 
10 998244350
487 487 487 487 487 487 487 487 487 487 
10 998244350
488 488 488 488 488 488 488 488 488 488 
10 998244350
489 489 489 489 489 489 489 489 489 489 
10 998244350
490 490 490 490 490 490 490 490 490 490 
10 998244350
491 491 491 491 491 491 491 491 491 491 
10 998244350
492 492 492 492 492 492 492 492 492 492 
10 998244350
493 493 493 493 493 493 493 493 493 493 
10 998244350
494 494 494 494 494 494 494 494 494 494 
10 998244350
495 495 495 495 495 495 495 495 495 495 
10 998244350
496 496 496 496 496 496 496 496 496 496 
10 998244350
497 497 497 497 497 497 497 497 497 497 
10 998244350
498 498 498 498 498 498 498 498 498 498 
10 998244350
499 499 499 499 499 499 499 499 499 499 
10 998244350
500 500 500 500 500 500 500 500 500 500 
10 998244350
501 501 501 501 501 501 501 501 501 501 
10 998244350
502 502 502 502 502 502 502 502 502 502 
10 998244350
503 503 503 503 503 503 503 503 503 503 
10 998244350
504 504 504 504 504 504 504 504 504 504 
10 998244350
505 505 505 505 505 505 505 505 505 505 
10 998244350
506 506 506 506 506 506 506 506 506 506 
10 998244350
507 507 507 507 507 507 507 507 507 507 
10 998244350
508 508 508 508 508 508 508 508 508 508 
10 998244350
509 509 509 509 509 509 509 509 509 509 
10 998244350
510 510 510 510 510 510 510 510 510 510 
10 998244350
511 511 511 511 511 511 511 511 511 511 
10 998244350
512 512 512 512 512 512 512 512 512 512 
10 998244350
513 513 513 513 513 513 513 513 513 513 
10 998244350
514 514 514 514 514 514 514 514 514 514 
10 998244350
515 515 515 515 515 515 515 515 515 515 
10 998244350
516 516 516 516 516 516 516 516 516 516 
10 998244350
517 517 517 517 517 517 517 517 517 517 
10 998244350
518 518 518 518 518 518 518 518 518 518 
10 998244350
519 519 519 519 519 519 519 519 519 519 
10 998244350
520 520 520 520 520 520 520 520 520 520 
10 998244350
521 521 521 521 521 521 521 521 521 521 
10 998244350
522 522 522 522 522 522 522 522 522 522 
10 998244350
523 523 523 523 523 523 523 523 523 523 
10 998244350
524 524 524 524 524 524 524 524 524 524 
10 998244350
525 525 525 525 525 525 525 525 525 525 
10 998244350
526 526 526 526 526 526 526 526 526 526 
10 998244350
527 527 527 527 527 527 527 527 527 527 
10 998244350
528 528 528 528 528 528 528 528 528 528 
10 998244350
529 529 529 529 529 529 529 529 529 529 
10 998244350
530 530 530 530 530 530 530 530 530 530 
10 998244350
531 531 531 531 531 531 531 531 531 531 
10 998244350
532 532 532 532 532 532 532 532 532 532 
10 998244350
533 533 533 533 533 533 533 533 533 533 
10 998244350
534 534 534 534 534 534 534 534 534 534 
10 998244350
535 535 535 535 535 535 535 535 535 535 
10 998244350
536 536 536 536 536 536 536 536 536 536 
10 998244350
537 537 537 537 537 537 537 537 537 537 
10 998244350
538 538 538 538 538 538 538 538 538 538 
10 998244350
539 539 539 539 539 539 539 539 539 539 
10 998244350
540 540 540 540 540 540 540 540 540 540 
10 998244350
541 541 541 541 541 541 541 541 541 541 
10 998244350
542 542 542 542 542 542 542 542 542 542 
10 998244350
543 543 543 543 543 543 543 543 543 543 
10 998244350
544 544 544 544 544 544 544 544 544 544 
10 998244350
545 545 545 545 545 545 545 545 545 545 
10 998244350
546 546 546 546 546 546 546 546 546 546 
10 998244350
547 547 547 547 547 547 547 547 547 547 
10 998244350
548 548 548 548 548 548 548 548 548 548 
10 998244350
549 549 549 549 549 549 549 549 549 549 
10 998244350
550 550 550 550 550 550 550 550 550 550 
10 998244350
551 551 551 551 551 551 551 551 551 551 
10 998244350
552 552 552 552 552 552 552 552 552 552 
10 998244350
553 553 553 553 553 553 553 553 553 553 
10 998244350
554 554 554 554 554 554 554 554 554 554 
10 998244350
555 555 555 555 555 555 555 555 555 555 
10 998244350
556 556 556 556 556 556 556 556 556 556 
10 998244350
557 557 557 557 557 557 557 557 557 557 
10 998244350
558 558 558 558 558 558 558 558 558 558 
10 998244350
559 559 559 559 559 559 559 559 559 559 
10 998244350
560 560 560 560 560 560 560 560 560 560 
10 998244350
561 561 561 561 561 561 561 561 561 561 
10 998244350
562 562 562 562 562 562 562 562 562 562 
10 998244350
563 563 563 563 563 563 563 563 563 563 
10 998244350
564 564 564 564 564 564 564 564 564 564 
10 998244350
565 565 565 565 565 565 565 565 565 565 
10 998244350
566 566 566 566 566 566 566 566 566 566 
10 998244350
567 567 567 567 567 567 567 567 567 567 
10 998244350
568 568 568 568 568 568 568 568 568 568 
10 998244350
569 569 569 569 569 569 569 569 569 569 
10 998244350
570 570 570 570 570 570 570 570 570 570 
10 998244350
571 571 571 571 571 571 571 571 571 571 
10 998244350
572 572 572 572 572 572 572 572 572 572 
10 998244350
573 573 573 573 573 573 573 573 573 573 
10 998244350
574 574 574 574 574 574 574 574 574 574 
10 998244350
575 575 575 575 575 575 575 575 575 575 
10 998244350
576 576 576 576 576 576 576 576 576 576 
10 998244350
577 577 577 577 577 577 577 577 577 577 
10 998244350
578 578 578 578 578 578 578 578 578 578 
10 998244350
579 579 579 579 579 579 579 579 579 579 
10 998244350
580 580 580 580 580 580 580 580 580 580 
10 998244350
581 581 581 581 581 581 581 581 581 581 
10 998244350
582 582 582 582 582 582 582 582 582 582 
10 998244350
583 583 583 583 583 583 583 583 583 583 
10 998244350
584 584 584 584 584 584 584 584 584 584 
10 998244350
585 585 585 585 585 585 585 585 585 585 
10 998244350
586 586 586 586 586 586 586 586 586 586 
10 998244350
587 587 587 587 587 587 587 587 587 587 
10 998244350
588 588 588 588 588 588 588 588 588 588 
10 998244350
589 589 589 589 589 589 589 589 589 589 
10 998244350
590 590 590 590 590 590 590 590 590 590 
10 998244350
591 591 591 591 591 591 591 591 591 591 
10 998244350
592 592 592 592 592 592 592 592 592 592 
10 998244350
593 593 593 593 593 593 593 593 593 593 
10 998244350
594 594 594 594 594 594 594 594 594 594 
10 998244350
595 595 595 595 595 595 595 595 595 595 
10 998244350
596 596 596 596 596 596 596 596 596 596 
10 998244350
597 597 597 597 597 597 597 597 597 597 
10 998244350
598 598 598 598 598 598 598 598 598 598 
10 998244350
599 599 599 599 599 599 599 599 599 599 
10 998244350
600 600 600 600 600 600 600 600 600 600 
10 998244350
601 601 601 601 601 601 601 601 601 601 
10 998244350
602 602 602 602 602 602 602 602 602 602 
10 998244350
603 603 603 603 603 603 603 603 603 603 
10 998244350
604 604 604 604 604 604 604 604 604 604 
10 998244350
605 605 605 605 605 605 605 605 605 605 
10 998244350
606 606 606 606 606 606 606 606 606 606 
10 998244350
607 607 607 607 607 607 607 607 607 607 
10 998244350
608 608 608 608 608 608 608 608 608 608 
10 998244350
609 609 609 609 609 609 609 609 609 609 
10 998244350
610 610 610 610 610 610 610 610 610 610 
10 998244350
611 611 611 611 611 611 611 611 611 611 
10 998244350
612 612 612 612 612 612 612 612 612 612 
10 998244350
613 613 613 613 613 613 613 613 613 613 
10 998244350
614 614 614 614 614 614 614 614 614 614 
10 998244350
615 615 615 615 615 615 615 615 615 615 
10 998244350
616 616 616 616 616 616 616 616 616 616 
10 998244350
617 617 617 617 617 617 617 617 617 617 
10 998244350
618 618 618 618 618 618 618 618 618 618 
10 998244350
619 619 619 619 619 619 619 619 619 619 
10 998244350
620 620 620 620 620 620 620 620 620 620 
10 998244350
621 621 621 621 621 621 621 621 621 621 
10 998244350
622 622 622 622 622 622 622 622 622 622 
10 998244350
623 623 623 623 623 623 623 623 623 623 
10 998244350
624 624 624 624 624 624 624 624 624 624 
10 998244350
625 625 625 625 625 625 625 625 625 625 
10 998244350
626 626 626 626 626 626 626 626 626 626 
10 998244350
627 627 627 627 627 627 627 627 627 627 
10 998244350
628 628 628 628 628 628 628 628 628 628 
10 998244350
629 629 629 629 629 629 629 629 629 629 
10 998244350
630 630 630 630 630 630 630 630 630 630 
10 998244350
631 631 631 631 631 631 631 631 631 631 
10 998244350
632 632 632 632 632 632 632 632 632 632 
10 998244350
633 633 633 633 633 633 633 633 633 633 
10 998244350
634 634 634 634 634 634 634 634 634 634 
10 998244350
635 635 635 635 635 635 635 635 635 635 
10 998244350
636 636 636 636 636 636 636 636 636 636 
10 998244350
637 637 637 637 637 637 637 637 637 637 
10 998244350
638 638 638 638 638 638 638 638 638 638 
10 998244350
639 639 639 639 639 639 639 639 639 639 
10 998244350
640 640 640 640 640 640 640 640 640 640 
10 998244350
641 641 641 641 641 641 641 641 641 641 
10 998244350
642 642 642 642 642 642 642 642 642 642 
10 998244350
643 643 643 643 643 643 643 643 643 643 
10 998244350
644 644 644 644 644 644 644 644 644 644 
10 998244350
645 645 645 645 645 645 645 645 645 645 
10 998244350
646 646 646 646 646 646 646 646 646 646 
10 998244350
647 647 647 647 647 647 647 647 647 647 
10 998244350
648 648 648 648 648 648 648 648 648 648 
10 998244350
649 649 649 649 649 649 649 649 649 649 
10 998244350
650 650 650 650 650 650 650 650 650 650 
10 998244350
651 651 651 651 651 651 651 651 651 651 
10 998244350
652 652 652 652 652 652 652 652 652 652 
10 998244350
653 653 653 653 653 653 653 653 653 653 
10 998244350
654 654 654 654 654 654 654 654 654 654 
10 998244350
655 655 655 655 655 655 655 655 655 655 
10 998244350
656 656 656 656 656 656 656 656 656 656 
10 998244350
657 657 657 657 657 657 657 657 657 657 
10 998244350
658 658 658 658 658 658 658 658 658 658 
10 998244350
659 659 659 659 659 659 659 659 659 659 
10 998244350
660 660 660 660 660 660 660 660 660 660 
10 998244350
661 661 661 661 661 661 661 661 661 661 
10 998244350
662 662 662 662 662 662 662 662 662 662 
10 998244350
663 663 663 663 663 663 663 663 663 663 
10 998244350
664 664 664 664 664 664 664 664 664 664 
10 998244350
665 665 665 665 665 665 665 665 665 665 
10 998244350
666 666 666 666 666 666 666 666 666 666 
10 998244350
667 667 667 667 667 667 667 667 667 667 
10 998244350
668 668 668 668 668 668 668 668 668 668 
10 998244350
669 669 669 669 669 669 669 669 669 669 
10 998244350
670 670 670 670 670 670 670 670 670 670 
10 998244350
671 671 671 671 671 671 671 671 671 671 
10 998244350
672 672 672 672 672 672 672 672 672 672 
10 998244350
673 673 673 673 673 673 673 673 673 673 
10 998244350
674 674 674 674 674 674 674 674 674 674 
10 998244350
675 675 675 675 675 675 675 675 675 675 
10 998244350
676 676 676 676 676 676 676 676 676 676 
10 998244350
677 677 677 677 677 677 677 677 677 677 
10 998244350
678 678 678 678 678 678 678 678 678 678 
10 998244350
679 679 679 679 679 679 679 679 679 679 
10 998244350
680 680 680 680 680 680 680 680 680 680 
10 998244350
681 681 681 681 681 681 681 681 681 681 
10 998244350
682 682 682 682 682 682 682 682 682 682 
10 998244350
683 683 683 683 683 683 683 683 683 683 
10 998244350
684 684 684 684 684 684 684 684 684 684 
10 998244350
685 685 685 685 685 685 685 685 685 685 
10 998244350
686 686 686 686 686 686 686 686 686 686 
10 998244350
687 687 687 687 687 687 687 687 687 687 
10 998244350
688 688 688 688 688 688 688 688 688 688 
10 998244350
689 689 689 689 689 689 689 689 689 689 
10 998244350
690 690 690 690 690 690 690 690 690 690 
10 998244350
691 691 691 691 691 691 691 691 691 691 
10 998244350
692 692 692 692 692 692 692 692 692 692 
10 998244350
693 693 693 693 693 693 693 693 693 693 
10 998244350
694 694 694 694 694 694 694 694 694 694 
10 998244350
695 695 695 695 695 695 695 695 695 695 
10 998244350
696 696 696 696 696 696 696 696 696 696 
10 998244350
697 697 697 697 697 697 697 697 697 697 
10 998244350
698 698 698 698 698 698 698 698 698 698 
10 998244350
699 699 699 699 699 699 699 699 699 699 
10 998244350
700 700 700 700 700 700 700 700 700 700 
10 998244350
701 701 701 701 701 701 701 701 701 701 
10 998244350
702 702 702 702 702 702 702 702 702 702 
10 998244350
703 703 703 703 703 703 703 703 703 703 
10 998244350
704 704 704 704 704 704 704 704 704 704 
10 998244350
705 705 705 705 705 705 705 705 705 705 
10 998244350
706 706 706 706 706 706 706 706 706 706 
10 998244350
707 707 707 707 707 707 707 707 707 707 
10 998244350
708 708 708 708 708 708 708 708 708 708 
10 998244350
709 709 709 709 709 709 709 709 709 709 
10 998244350
710 710 710 710 710 710 710 710 710 710 
10 998244350
711 711 711 711 711 711 711 711 711 711 
10 998244350
712 712 712 712 712 712 712 712 712 712 
10 998244350
713 713 713 713 713 713 713 713 713 713 
10 998244350
714 714 714 714 714 714 714 714 714 714 
10 998244350
715 715 715 715 715 715 715 715 715 715 
10 998244350
716 716 716 716 716 716 716 716 716 716 
10 998244350
717 717 717 717 717 717 717 717 717 717 
10 998244350
718 718 718 718 718 718 718 718 718 718 
10 998244350
719 719 719 719 719 719 719 719 719 719 
10 998244350
720 720 720 720 720 720 720 720 720 720 
10 998244350
721 721 721 721 721 721 721 721 721 721 
10 998244350
722 722 722 722 722 722 722 722 722 722 
10 998244350
723 723 723 723 723 723 723 723 723 723 
10 998244350
724 724 724 724 724 724 724 724 724 724 
10 998244350
725 725 725 725 725 725 725 725 725 725 
10 998244350
726 726 726 726 726 726 726 726 726 726 
10 998244350
727 727 727 727 727 727 727 727 727 727 
10 998244350
728 728 728 728 728 728 728 728 728 728 
10 998244350
729 729 729 729 729 729 729 729 729 729 
10 998244350
730 730 730 730 730 730 730 730 730 730 
10 998244350
731 731 731 731 731 731 731 731 731 731 
10 998244350
732 732 732 732 732 732 732 732 732 732 
10 998244350
733 733 733 733 733 733 733 733 733 733 
10 998244350
734 734 734 734 734 734 734 734 734 734 
10 998244350
735 735 735 735 735 735 735 735 735 735 
10 998244350
736 736 736 736 736 736 736 736 736 736 
10 998244350
737 737 737 737 737 737 737 737 737 737 
10 998244350
738 738 738 738 738 738 738 738 738 738 
10 998244350
739 739 739 739 739 739 739 739 739 739 
10 998244350
740 740 740 740 740 740 740 740 740 740 
10 998244350
741 741 741 741 741 741 741 741 741 741 
10 998244350
742 742 742 742 742 742 742 742 742 742 
10 998244350
743 743 743 743 743 743 743 743 743 743 
10 998244350
744 744 744 744 744 744 744 744 744 744 
10 998244350
745 745 745 745 745 745 745 745 745 745 
10 998244350
746 746 746 746 746 746 746 746 746 746 
10 998244350
747 747 747 747 747 747 747 747 747 747 
10 998244350
748 748 748 748 748 748 748 748 748 748 
10 998244350
749 749 749 749 749 749 749 749 749 749 
10 998244350
750 750 750 750 750 750 750 750 750 750 
10 998244350
751 751 751 751 751 751 751 751 751 751 
10 998244350
752 752 752 752 752 752 752 752 752 752 
10 998244350
753 753 753 753 753 753 753 753 753 753 
10 998244350
754 754 754 754 754 754 754 754 754 754 
10 998244350
755 755 755 755 755 755 755 755 755 755 
10 998244350
756 756 756 756 756 756 756 756 756 756 
10 998244350
757 757 757 757 757 757 757 757 757 757 
10 998244350
758 758 758 758 758 758 758 758 758 758 
10 998244350
759 759 759 759 759 759 759 759 759 759 
10 998244350
760 760 760 760 760 760 760 760 760 760 
10 998244350
761 761 761 761 761 761 761 761 761 761 
10 998244350
762 762 762 762 762 762 762 762 762 762 
10 998244350
763 763 763 763 763 763 763 763 763 763 
10 998244350
764 764 764 764 764 764 764 764 764 764 
10 998244350
765 765 765 765 765 765 765 765 765 765 
10 998244350
766 766 766 766 766 766 766 766 766 766 
10 998244350
767 767 767 767 767 767 767 767 767 767 
10 998244350
768 768 768 768 768 768 768 768 768 768 
10 998244350
769 769 769 769 769 769 769 769 769 769 
10 998244350
770 770 770 770 770 770 770 770 770 770 
10 998244350
771 771 771 771 771 771 771 771 771 771 
10 998244350
772 772 772 772 772 772 772 772 772 772 
10 998244350
773 773 773 773 773 773 773 773 773 773 
10 998244350
774 774 774 774 774 774 774 774 774 774 
10 998244350
775 775 775 775 775 775 775 775 775 775 
10 998244350
776 776 776 776 776 776 776 776 776 776 
10 998244350
777 777 777 777 777 777 777 777 777 777 
10 998244350
778 778 778 778 778 778 778 778 778 778 
10 998244350
779 779 779 779 779 779 779 779 779 779 
10 998244350
780 780 780 780 780 780 780 780 780 780 
10 998244350
781 781 781 781 781 781 781 781 781 781 
10 998244350
782 782 782 782 782 782 782 782 782 782 
10 998244350
783 783 783 783 783 783 783 783 783 783 
10 998244350
784 784 784 784 784 784 784 784 784 784 
10 998244350
785 785 785 785 785 785 785 785 785 785 
10 998244350
786 786 786 786 786 786 786 786 786 786 
10 998244350
787 787 787 787 787 787 787 787 787 787 
10 998244350
788 788 788 788 788 788 788 788 788 788 
10 998244350
789 789 789 789 789 789 789 789 789 789 
10 998244350
790 790 790 790 790 790 790 790 790 790 
10 998244350
791 791 791 791 791 791 791 791 791 791 
10 998244350
792 792 792 792 792 792 792 792 792 792 
10 998244350
793 793 793 793 793 793 793 793 793 793 
10 998244350
794 794 794 794 794 794 794 794 794 794 
10 998244350
795 795 795 795 795 795 795 795 795 795 
10 998244350
796 796 796 796 796 796 796 796 796 796 
10 998244350
797 797 797 797 797 797 797 797 797 797 
10 998244350
798 798 798 798 798 798 798 798 798 798 
10 998244350
799 799 799 799 799 799 799 799 799 799 
10 998244350
800 800 800 800 800 800 800 800 800 800 
10 998244350
801 801 801 801 801 801 801 801 801 801 
10 998244350
802 802 802 802 802 802 802 802 802 802 
10 998244350
803 803 803 803 803 803 803 803 803 803 
10 998244350
804 804 804 804 804 804 804 804 804 804 
10 998244350
805 805 805 805 805 805 805 805 805 805 
10 998244350
806 806 806 806 806 806 806 806 806 806 
10 998244350
807 807 807 807 807 807 807 807 807 807 
10 998244350
808 808 808 808 808 808 808 808 808 808 
10 998244350
809 809 809 809 809 809 809 809 809 809 
10 998244350
810 810 810 810 810 810 810 810 810 810 
10 998244350
811 811 811 811 811 811 811 811 811 811 
10 998244350
812 812 812 812 812 812 812 812 812 812 
10 998244350
813 813 813 813 813 813 813 813 813 813 
10 998244350
814 814 814 814 814 814 814 814 814 814 
10 998244350
815 815 815 815 815 815 815 815 815 815 
10 998244350
816 816 816 816 816 816 816 816 816 816 
10 998244350
817 817 817 817 817 817 817 817 817 817 
10 998244350
818 818 818 818 818 818 818 818 818 818 
10 998244350
819 819 819 819 819 819 819 819 819 819 
10 998244350
820 820 820 820 820 820 820 820 820 820 
10 998244350
821 821 821 821 821 821 821 821 821 821 
10 998244350
822 822 822 822 822 822 822 822 822 822 
10 998244350
823 823 823 823 823 823 823 823 823 823 
10 998244350
824 824 824 824 824 824 824 824 824 824 
10 998244350
825 825 825 825 825 825 825 825 825 825 
10 998244350
826 826 826 826 826 826 826 826 826 826 
10 998244350
827 827 827 827 827 827 827 827 827 827 
10 998244350
828 828 828 828 828 828 828 828 828 828 
10 998244350
829 829 829 829 829 829 829 829 829 829 
10 998244350
830 830 830 830 830 830 830 830 830 830 
10 998244350
831 831 831 831 831 831 831 831 831 831 
10 998244350
832 832 832 832 832 832 832 832 832 832 
10 998244350
833 833 833 833 833 833 833 833 833 833 
10 998244350
834 834 834 834 834 834 834 834 834 834 
10 998244350
835 835 835 835 835 835 835 835 835 835 
10 998244350
836 836 836 836 836 836 836 836 836 836 
10 998244350
837 837 837 837 837 837 837 837 837 837 
10 998244350
838 838 838 838 838 838 838 838 838 838 
10 998244350
839 839 839 839 839 839 839 839 839 839 
10 998244350
840 840 840 840 840 840 840 840 840 840 
10 998244350
841 841 841 841 841 841 841 841 841 841 
10 998244350
842 842 842 842 842 842 842 842 842 842 
10 998244350
843 843 843 843 843 843 843 843 843 843 
10 998244350
844 844 844 844 844 844 844 844 844 844 
10 998244350
845 845 845 845 845 845 845 845 845 845 
10 998244350
846 846 846 846 846 846 846 846 846 846 
10 998244350
847 847 847 847 847 847 847 847 847 847 
10 998244350
848 848 848 848 848 848 848 848 848 848 
10 998244350
849 849 849 849 849 849 849 849 849 849 
10 998244350
850 850 850 850 850 850 850 850 850 850 
10 998244350
851 851 851 851 851 851 851 851 851 851 
10 998244350
852 852 852 852 852 852 852 852 852 852 
10 998244350
853 853 853 853 853 853 853 853 853 853 
10 998244350
854 854 854 854 854 854 854 854 854 854 
10 998244350
855 855 855 855 855 855 855 855 855 855 
10 998244350
856 856 856 856 856 856 856 856 856 856 
10 998244350
857 857 857 857 857 857 857 857 857 857 
10 998244350
858 858 858 858 858 858 858 858 858 858 
10 998244350
859 859 859 859 859 859 859 859 859 859 
10 998244350
860 860 860 860 860 860 860 860 860 860 
10 998244350
861 861 861 861 861 861 861 861 861 861 
10 998244350
862 862 862 862 862 862 862 862 862 862 
10 998244350
863 863 863 863 863 863 863 863 863 863 
10 998244350
864 864 864 864 864 864 864 864 864 864 
10 998244350
865 865 865 865 865 865 865 865 865 865 
10 998244350
866 866 866 866 866 866 866 866 866 866 
10 998244350
867 867 867 867 867 867 867 867 867 867 
10 998244350
868 868 868 868 868 868 868 868 868 868 
10 998244350
869 869 869 869 869 869 869 869 869 869 
10 998244350
870 870 870 870 870 870 870 870 870 870 
10 998244350
871 871 871 871 871 871 871 871 871 871 
10 998244350
872 872 872 872 872 872 872 872 872 872 
10 998244350
873 873 873 873 873 873 873 873 873 873 
10 998244350
874 874 874 874 874 874 874 874 874 874 
10 998244350
875 875 875 875 875 875 875 875 875 875 
10 998244350
876 876 876 876 876 876 876 876 876 876 
10 998244350
877 877 877 877 877 877 877 877 877 877 
10 998244350
878 878 878 878 878 878 878 878 878 878 
10 998244350
879 879 879 879 879 879 879 879 879 879 
10 998244350
880 880 880 880 880 880 880 880 880 880 
10 998244350
881 881 881 881 881 881 881 881 881 881 
10 998244350
882 882 882 882 882 882 882 882 882 882 
10 998244350
883 883 883 883 883 883 883 883 883 883 
10 998244350
884 884 884 884 884 884 884 884 884 884 
10 998244350
885 885 885 885 885 885 885 885 885 885 
10 998244350
886 886 886 886 886 886 886 886 886 886 
10 998244350
887 887 887 887 887 887 887 887 887 887 
10 998244350
888 888 888 888 888 888 888 888 888 888 
10 998244350
889 889 889 889 889 889 889 889 889 889 
10 998244350
890 890 890 890 890 890 890 890 890 890 
10 998244350
891 891 891 891 891 891 891 891 891 891 
10 998244350
892 892 892 892 892 892 892 892 892 892 
10 998244350
893 893 893 893 893 893 893 893 893 893 
10 998244350
894 894 894 894 894 894 894 894 894 894 
10 998244350
895 895 895 895 895 895 895 895 895 895 
10 998244350
896 896 896 896 896 896 896 896 896 896 
10 998244350
897 897 897 897 897 897 897 897 897 897 
10 998244350
898 898 898 898 898 898 898 898 898 898 
10 998244350
899 899 899 899 899 899 899 899 899 899 
10 998244350
900 900 900 900 900 900 900 900 900 900 
10 998244350
901 901 901 901 901 901 901 901 901 901 
10 998244350
902 902 902 902 902 902 902 902 902 902 
10 998244350
903 903 903 903 903 903 903 903 903 903 
10 998244350
904 904 904 904 904 904 904 904 904 904 
10 998244350
905 905 905 905 905 905 905 905 905 905 
10 998244350
906 906 906 906 906 906 906 906 906 906 
10 998244350
907 907 907 907 907 907 907 907 907 907 
10 998244350
908 908 908 908 908 908 908 908 908 908 
10 998244350
909 909 909 909 909 909 909 909 909 909 
10 998244350
910 910 910 910 910 910 910 910 910 910 
10 998244350
911 911 911 911 911 911 911 911 911 911 
10 998244350
912 912 912 912 912 912 912 912 912 912 
10 998244350
913 913 913 913 913 913 913 913 913 913 
10 998244350
914 914 914 914 914 914 914 914 914 914 
10 998244350
915 915 915 915 915 915 915 915 915 915 
10 998244350
916 916 916 916 916 916 916 916 916 916 
10 998244350
917 917 917 917 917 917 917 917 917 917 
10 998244350
918 918 918 918 918 918 918 918 918 918 
10 998244350
919 919 919 919 919 919 919 919 919 919 
10 998244350
920 920 920 920 920 920 920 920 920 920 
10 998244350
921 921 921 921 921 921 921 921 921 921 
10 998244350
922 922 922 922 922 922 922 922 922 922 
10 998244350
923 923 923 923 923 923 923 923 923 923 
10 998244350
924 924 924 924 924 924 924 924 924 924 
10 998244350
925 925 925 925 925 925 925 925 925 925 
10 998244350
926 926 926 926 926 926 926 926 926 926 
10 998244350
927 927 927 927 927 927 927 927 927 927 
10 998244350
928 928 928 928 928 928 928 928 928 928 
10 998244350
929 929 929 929 929 929 929 929 929 929 
10 998244350
930 930 930 930 930 930 930 930 930 930 
10 998244350
931 931 931 931 931 931 931 931 931 931 
10 998244350
932 932 932 932 932 932 932 932 932 932 
10 998244350
933 933 933 933 933 933 933 933 933 933 
10 998244350
934 934 934 934 934 934 934 934 934 934 
10 998244350
935 935 935 935 935 935 935 935 935 935 
10 998244350
936 936 936 936 936 936 936 936 936 936 
10 998244350
937 937 937 937 937 937 937 937 937 937 
10 998244350
938 938 938 938 938 938 938 938 938 938 
10 998244350
939 939 939 939 939 939 939 939 939 939 
10 998244350
940 940 940 940 940 940 940 940 940 940 
10 998244350
941 941 941 941 941 941 941 941 941 941 
10 998244350
942 942 942 942 942 942 942 942 942 942 
10 998244350
943 943 943 943 943 943 943 943 943 943 
10 998244350
944 944 944 944 944 944 944 944 944 944 
10 998244350
945 945 945 945 945 945 945 945 945 945 
10 998244350
946 946 946 946 946 946 946 946 946 946 
10 998244350
947 947 947 947 947 947 947 947 947 947 
10 998244350
948 948 948 948 948 948 948 948 948 948 
10 998244350
949 949 949 949 949 949 949 949 949 949 
10 998244350
950 950 950 950 950 950 950 950 950 950 
10 998244350
951 951 951 951 951 951 951 951 951 951 
10 998244350
952 952 952 952 952 952 952 952 952 952 
10 998244350
953 953 953 953 953 953 953 953 953 953 
10 998244350
954 954 954 954 954 954 954 954 954 954 
10 998244350
955 955 955 955 955 955 955 955 955 955 
10 998244350
956 956 956 956 956 956 956 956 956 956 
10 998244350
957 957 957 957 957 957 957 957 957 957 
10 998244350
958 958 958 958 958 958 958 958 958 958 
10 998244350
959 959 959 959 959 959 959 959 959 959 
10 998244350
960 960 960 960 960 960 960 960 960 960 
10 998244350
961 961 961 961 961 961 961 961 961 961 
10 998244350
962 962 962 962 962 962 962 962 962 962 
10 998244350
963 963 963 963 963 963 963 963 963 963 
10 998244350
964 964 964 964 964 964 964 964 964 964 
10 998244350
965 965 965 965 965 965 965 965 965 965 
10 998244350
966 966 966 966 966 966 966 966 966 966 
10 998244350
967 967 967 967 967 967 967 967 967 967 
10 998244350
968 968 968 968 968 968 968 968 968 968 
10 998244350
969 969 969 969 969 969 969 969 969 969 
10 998244350
970 970 970 970 970 970 970 970 970 970 
10 998244350
971 971 971 971 971 971 971 971 971 971 
10 998244350
972 972 972 972 972 972 972 972 972 972 
10 998244350
973 973 973 973 973 973 973 973 973 973 
10 998244350
974 974 974 974 974 974 974 974 974 974 
10 998244350
975 975 975 975 975 975 975 975 975 975 
10 998244350
976 976 976 976 976 976 976 976 976 976 
10 998244350
977 977 977 977 977 977 977 977 977 977 
10 998244350
978 978 978 978 978 978 978 978 978 978 
10 998244350
979 979 979 979 979 979 979 979 979 979 
10 998244350
980 980 980 980 980 980 980 980 980 980 
10 998244350
981 981 981 981 981 981 981 981 981 981 
10 998244350
982 982 982 982 982 982 982 982 982 982 
10 998244350
983 983 983 983 983 983 983 983 983 983 
10 998244350
984 984 984 984 984 984 984 984 984 984 
10 998244350
985 985 985 985 985 985 985 985 985 985 
10 998244350
986 986 986 986 986 986 986 986 986 986 
10 998244350
987 987 987 987 987 987 987 987 987 987 
10 998244350
988 988 988 988 988 988 988 988 988 988 
10 998244350
989 989 989 989 989 989 989 989 989 989 
10 998244350
990 990 990 990 990 990 990 990 990 990 
10 998244350
991 991 991 991 991 991 991 991 991 991 
10 998244350
992 992 992 992 992 992 992 992 992 992 
10 998244350
993 993 993 993 993 993 993 993 993 993 
10 998244350
994 994 994 994 994 994 994 994 994 994 
10 998244350
995 995 995 995 995 995 995 995 995 995 
10 998244350
996 996 996 996 996 996 996 996 996 996 
10 998244350
997 997 997 997 997 997 997 997 997 997 
10 998244350
998 998 998 998 998 998 998 998 998 998 
10 998244350
999 999 999 999 999 999 999 999 999 999 
10 998244350
1000 1000 1000 1000 1000 1000 1000 1000 1000 1000 
