784017047
371072686
254457659
844005049
631152731
286075198
473916396
189561313
384040755
987403799
603370122
37525522
362493452
629428884
381855195
407504756
44927392
472449973
566047480
757988646
646104733
579257387
686539099
798362314
443092325
438758347
842223561
101054020
158233606
419861689
938722867
819829337
36190743
351471814
114709345
154227239
174774349
449464234
58289762
298574283
497831966
111944936
997071589
168068959
350738833
266701974
129342462
14502445
656418931
772806782
669885504
504380599
493186992
329660564
634435281
225177223
527165534
250269342
844035820
904130268
247514680
564487056
579303017
186519758
554235110
366361063
797027438
613525372
485016385
34565093
918523762
791484023
172288073
786239506
274319409
381643260
189379952
342272953
797290607
280368552
907047140
958125995
864925320
65779434
430248508
747970690
410248919
79323261
947456635
390566957
630014131
160771670
745017788
25452070
19265521
457667974
383800555
368770980
623892417
561816199
915124428
562972465
716861582
119661690
187158247
47709743
759046234
193888986
476748236
742573346
839503787
339739123
864474718
756560179
625011415
251852285
236357029
944649536
983038051
433422678
726008352
655386009
506820161
557524545
209140279
650119741
43392392
937963560
332024029
833913741
153078909
411628010
900952890
483637326
124850205
812374007
585995954
330216836
327511887
802497829
665868596
266979371
25865712
309557340
829093219
863789868
662877504
881599272
173596976
207337937
691163883
555430604
882283057
298230151
823315704
211363332
675038676
553817137
931755540
522597060
591859026
674404751
229205258
935541391
595265164
953398495
850876538
505562021
647049777
414834352
765058666
207725047
771951889
721611105
695476625
434174219
29054757
433710655
988312153
703594799
919616326
360885148
106273086
428818027
548630181
306735946
601852339
608583353
934527556
18349532
752463960
337329536
690172065
77084845
907465425
394509327
524641990
244915393
423619483
204320260
88366120
464143756
841850804
764264924
496378713
823295430
546226314
304315861
687458211
645456577
130114201
509409056
965675320
124778365
56020926
353362692
402488503
511982994
369649944
575393971
377968713
145259773
222693244
165358058
831594153
139203304
309229216
660272407
640976344
70130679
446505374
747122573
722934203
334017392
54537342
970830324
921609859
957254317
492710085
168985566
295180114
449905615
966153654
784245212
432141520
913860547
642566190
957157327
184990781
957073113
723074787
379492530
101587096
636761813
520135191
485942898
845347316
538973413
587308294
174765548
746079791
365388616
182733559
38330841
266545128
585919567
155731789
623594467
53436267
722089399
165606456
535275637
954984410
951404085
278139548
899747277
688487962
295068144
711830196
979807295
861876620
111931954
641374244
190669073
714361728
553872103
225598341
114643040
626248283
106832523
750261422
277835369
862291002
415888198
576088734
588267442
313423231
511689460
619324423
452363676
939405459
178223639
976822144
457988366
290871704
916832833
618612945
590958519
295905451
704427189
993142853
281888464
603358207
156093246
389332504
658973359
425941217
248927101
552275540
719290334
942302541
959961284
767759254
366079333
233441583
445238161
656744127
175159785
521820019
339689224
15787134
889095709
322753680
854757627
793254943
753195902
380464212
636212610
938099224
478494764
370179581
561373732
665413484
119722096
941014024
632377680
203807900
29729875
760746766
26594499
216931684
849884972
109113301
339156736
645843300
684749191
139482082
55889200
653573881
951960419
519622820
179944315
762719359
714370044
684810660
210422718
216383004
921433064
797077210
680200667
243134713
666135082
755297225
996816729
962238280
691876647
838752122
835198091
653608792
568908995
606673822
51823673
138745152
965656787
863716314
383308812
876948433
785213396
990530144
791210785
603955967
146277373
239609531
99381163
125143655
788528899
279740664
260672677
457988550
219506881
341293228
417280488
940123647
364630667
256292816
253182609
886168181
947963474
982368890
793353061
895662929
105124293
795406471
414703016
524408518
43832364
623730121
938758685
836038757
554742483
294306225
859087140
521347761
874125981
926967050
388581660
650447775
593202903
436341854
371944942
281996812
209465108
106055081
478998615
312455906
741748868
714070945
484521275
74635955
834131677
978682529
315757150
979651644
851150933
657325015
411628130
215849737
122940450
27319481
676758968
322288813
518746531
604128413
283650772
946204544
402988557
228688801
239579912
252860638
359424955
194341017
515764232
265114983
321124201
717646383
756922278
522930158
120908875
355244718
829071964
994883434
868957909
396533492
498084282
158089307
102247572
146752041
26714151
730637844
795797559
111175713
91058822
9598126
341570384
17283569
335657209
432441111
820436983
799687517
150666244
151117448
720490149
905567622
945994280
324168256
512957777
572647028
676909987
126861411
232477560
19743310
55806334
421878599
309654967
188166186
185090902
361904831
482478570
353355727
357291714
204859495
199169938
621769438
224582565
484004112
95483499
73960538
304440331
378572764
928746043
655135086
961244322
489698984
270843904
288947966
385480789
37764764
135959536
845640595
666857035
403311628
479536759
291233591
113628650
46213923
550762929
674946332
83122100
51068251
214622627
730783720
142608726
297904001
229440652
995893605
984175121
382604795
619183391
376816869
118161092
941037826
505263535
539556011
384644405
365035634
221441957
628039017
38675760
285423811
74881360
789258250
165984197
564033530
334625269
486407622
891191856
147420550
714125968
592151369
820014975
39058711
937226117
394046986
658164082
437075512
64567325
541236267
124599919
850006892
441734808
557366882
167979767
410644962
548007613
33069620
203754280
184351643
541210203
11314419
729736432
458326459
427590138
837468645
331208902
377507065
147983759
580685
348572171
952401384
184497740
578582019
923371729
809855787
956163053
903926753
769229257
116934970
917917953
63614529
740911361
952381947
772309883
781848541
380737452
403586654
852642843
825069528
740064410
313548742
582239199
686150539
454228237
603257741
898559745
657574637
918049300
235730250
990216978
505953787
391113414
867697642
185828594
781562656
126699558
231788033
211986504
637006185
61798681
718110233
253027188
8885686
782020244
980247919
638068832
985472646
865203047
311071292
613179794
157623850
748787862
217818183
317923269
922960216
438179636
330603281
74418818
128473495
412838361
138295182
133195550
417121644
470761223
199997345
834837805
566597312
710217679
372828070
5634585
752185838
909964365
203382842
737135015
460082017
631374036
966400436
647926149
760556651
87256686
147843628
589293741
445452838
202154766
987164871
62805250
505964223
905956488
921581671
183248307
145986526
867886509
834971520
306377884
438212276
776539105
224331318
862048734
630168014
248962555
683277389
406469904
455574020
608757852
647899503
859312080
200502208
336998144
786625143
370873093
557052914
102239786
942785591
55982630
232162982
99354845
203518053
267235420
477543881
413605362
673792954
8092882
332740948
954767560
146928194
705628431
158155203
782986344
311593876
191967333
621793293
927062792
483285473
621524177
162285048
484785799
417217124
843432315
690670508
347493427
584003936
448021884
599769534
317346932
124536499
600700028
979730001
321558559
28113633
166229574
850975409
9416375
781528898
136804582
513547352
101769261
718430868
980510260
997156938
13355370
364675185
216289717
417722056
616930414
258504354
159836729
299792654
420235786
687099292
194367907
989750061
7586968
290759745
516811217
236098568
732271122
197174558
27806906
123822421
477473136
787313982
234207883
753143712
727664348
358358739
142285793
715621755
850326128
243735430
895436673
454682148
717201846
969080794
592225059
253967830
951511254
908087852
294199762
148395976
422905431
231475644
203399725
832877488
965946527
440885122
969229422
524976061
178461500
352564925
553570487
368582201
473926103
636017865
588636733
256753345
659666631
325054390
483061382
48809584
130680479
187161985
980168377
350600480
718041729
332924861
216143315
562579400
853474173
345339163
301117307
440628338
830829834
961563001
513679021
61030650
461092106
583990032
187207601
787992623
220558601
257459702
553401214
902416699
399222554
132800884
990833419
631057506
178301949
900396096
636229930
747683059
202000466
727647615
233041596
531858865
995134593
216551924
157478204
196095989
287819947
45167667
187416773
337502150
291236358
880933726
288589874
762636013
248394392
529834907
734664484
930972480
234296936
812567198
622708158
17508
366359663
530334411
898187537
232224404
346897993
203901798
571984658
704466151
402949874
701138291
499227544
681919335
89546624
751653795
215403367
602130303
934304480
553189743
323123585
175219969
138126626
338417284
381728538
44955707
545711742
908584861
591412808
859354648
979837400
439090474
558298177
855840172
309594642
945996494
492830914
112915792
720102262
718551870
64854472
565899716
729017992
981108766
34164059
715125642
187078248
312950684
383741181
941671249
632537021
257202574
567662454
696706164
573333336
34261465
976742192
979086597
912450259
259646837
265417727
470155829
775307346
53031301
87381312
169049960
226172206
486054606
573379745
618438562
526205435
931440814
287147673
158203543
823071011
559623433
94184962
294724883
453379528
887634810
364676953
95475255
772439931
133312403
73323212
111142450
21711065
329650235
777864009
303645650
145527508
164487761
40427954
909083928
300314035
335932108
157686675
284081219
498683597
728122379
231765915
20243660
345328682
966304054
764888741
116216434
80716232
759096191
49868450
355384647
828682189
907887300
415768834
838635309
66769860
412204800
429134984
874835002
57251319
965349142
370482649
96956769
989613693
779969397
364786638
472917125
857169042
222256890
36620713
