2047
8054
5615
28
511
2911
5117
6393
2047
3136
3931
3071
1403
7295
894
1375
4479
8143
2039
7127
2974
6489
975
2031
8815
315
1088
7177
3741
2271
6093
13
6619
380
1531
2538
3583
247
1279
1535
4859
5766
678
5112
3386
4671
509
8061
8244
3565
7639
767
2911
3564
9841
1391
125
4991
2228
1710
3577
3277
6123
942
3838
0
5947
4477
5055
3065
5817
5886
7933
2475
5645
7639
4027
8159
8678
6893
7863
5363
1535
1783
3743
8571
8439
3391
2299
3551
3453
2028
365
4094
6119
7332
2805
3838
1119
991
3119
6071
7967
8939
1405
4091
7655
7286
1258
8186
1908
5806
2047
8019
1397
83
2045
4043
1239
699
255
8223
1661
6127
5118
1779
4047
2047
1510
2030
5551
3211
2791
1917
9917
8183
3179
1366
3931
2035
3583
5742
4090
2558
935
8157
4054
3551
13
6749
4743
1022
403
405
5627
1512
1789
5625
1015
6336
3967
290
2045
1772
975
479
2251
6139
74
3319
4645
699
6063
111
4347
4863
5053
2043
7035
8569
1022
2047
3579
8587
6351
5407
8157
7135
491
223
4086
775
859
470
2527
5499
3533
1375
3283
358
959
6130
2687
6008
3775
5090
7678
2012
538
4031
1039
2557
1788
3391
1855
5327
894
1777
2040
9661
4079
5003
566
9742
7388
3615
823
6903
3007
1663
511
3719
4606
2737
79
219
5154
3950
2014
6835
7088
4051
9086
2038
6893
5823
1839
934
1003
3967
8171
3423
2533
7245
4173
463
7293
239
559
7343
4061
8413
959
4207
9167
9686
1725
5051
8126
1724
5487
5806
4092
7927
5309
3051
735
1534
4075
3111
3379
5118
6015
5148
6332
3403
4855
1103
1270
4574
7963
7670
1659
551
299
383
511
1979
153
1822
4095
7663
4095
931
6127
5589
5479
7150
1393
478
4311
3965
3067
863
4095
8958
3326
463
719
6619
3891
5085
622
1023
2802
3195
4863
2047
1407
2558
4911
3062
8381
6014
7599
2938
2027
3999
1855
5627
5303
6015
767
3175
765
5757
2495
5512
4094
3404
1407
701
5179
3828
3583
639
3037
4315
63
1536
2751
110
2018
4296
6110
8063
7798
2909
2815
111
2222
23
1063
2047
3956
1239
5377
3134
2045
4095
9
1991
3023
2047
3562
7679
2031
3023
1630
5383
1983
4031
2803
4153
1775
4031
639
2479
446
6015
1470
1231
6180
936
7153
2939
1791
8447
92
1534
1453
7335
126
5634
294
7934
5351
117
6260
5267
1823
2751
508
990
6811
3515
5983
7166
1893
2039
2492
3579
4047
5548
351
4087
3071
6127
6007
5999
254
5551
3966
1607
2782
5375
890
6572
1744
3261
7663
4095
3407
1399
5067
2047
2478
3799
5122
1871
7023
1530
6943
4735
1021
3335
7604
7406
2557
5877
1151
766
7833
1885
3966
2047
4923
493
4821
6441
3068
1947
429
2302
2805
2031
1400
2413
1914
863
6015
3582
4604
4039
1897
7119
4419
2939
6143
4555
2871
2269
1599
1726
1534
4092
50
2903
2335
6797
114
511
1986
7147
3382
6879
970
6139
6621
1915
7396
7007
3982
3327
766
7535
1983
3581
1535
1503
2815
2815
8695
723
7869
509
5630
1266
602
2047
3501
4095
3069
1823
7535
2549
2143
1535
7133
1278
1476
615
4794
7123
2014
5010
5979
3085
1789
7670
2938
6655
479
9759
5626
336
7458
383
5279
2334
2103
2037
895
2047
2029
2045
1879
7030
4015
2783
9221
7885
2300
5581
3070
2031
3567
1019
824
8154
4090
2039
6783
1783
1215
2047
3175
4079
5581
975
3964
9937
301
3808
3039
671
603
3998
4095
1762
4075
5995
6139
4602
3575
7
8062
927
607
4091
2043
3478
474
3051
8127
1417
999
369
4046
5135
1963
1486
4192
2009
7067
2039
7207
1695
9207
1019
782
8479
827
4059
6957
4583
2431
2041
5140
8015
447
4983
351
725
7407
5487
4641
7274
2431
5887
1887
8018
8063
5091
7378
2162
3007
2811
7927
5563
3007
6798
445
4983
5373
1117
2035
635
526
1499
3839
254
6004
2093
7981
7103
3071
4469
1147
1087
135
4933
6008
6111
585
1975
4023
6811
6897
1279
4701
228
1975
3455
6653
4855
2970
122
2039
5598
6250
316
2295
1773
1023
927
2559
6068
4010
191
6366
3820
1994
6143
1393
575
3070
7827
5819
7755
1262
173
173
4724
627
7994
503
463
2785
3957
574
5233
8139
1004
3807
971
942
7165
5476
3580
3838
7387
3867
8191
7101
6052
3583
8165
3575
815
4063
7263
3318
4077
2977
7669
1627
7643
3999
7711
7611
198
763
4734
3182
6901
1815
5627
7087
5111
8830
449
375
3311
3895
4333
6104
1500
2047
6133
7122
5058
7119
6135
5119
8827
810
7671
2015
5630
5631
1023
1791
1527
763
1851
7603
731
9216
5055
6047
1303
7935
2242
191
4668
222
4786
4469
6004
603
735
4097
3827
370
191
2047
4095
5302
1022
1855
1007
2007
241
2030
4317
2043
975
991
149
4019
3455
767
2811
5117
1406
1791
1279
3967
2815
7441
2047
3037
4003
2815
2045
8093
3839
5374
2524
1846
4087
2365
4095
1919
93
6523
771
6621
9460
9848
3823
727
2303
5759
1563
4095
755
2212
8004
1513
1183
2937
71
1015
5597
255
1185
7903
8180
1335
1823
6590
7667
6654
5747
3963
8191
4831
15
5757
140
1195
7679
508
1022
7957
7417
3454
6360
1039
6906
503
6990
3791
959
979
447
2042
3519
39
4591
5255
479
3710
1279
9214
3
7691
1759
1007
5615
2331
8173
6398
1003
6097
2495
507
5615
511
6011
4279
3559
1319
1759
1263
4225
823
1707
3259
7155
3711
1913
4415
995
4473
1903
3071
3807
6527
3615
1110
1534
4079
8189
6015
2177
313
2043
1563
4087
3308
4045
6126
894
6971
4095
3025
2878
3059
4855
1759
2585
510
8157
4847
4846
6639
7135
2175
3039
6047
2919
5629
891
2950
3919
2167
8175