1 UP
1



1 DOWN
1



1 LEFT
1



1 RIGHT
1



4 UP
2 3
1 4



4 DOWN
4 1
3 2



4 LEFT
3 4
2 1



4 RIGHT
1 2
4 3



9 UP
9 2 3
8 1 4
7 6 5



9 DOWN
5 6 7
4 1 8
3 2 9



9 LEFT
3 4 5
2 1 6
9 8 7



9 RIGHT
7 8 9
6 1 2
5 4 3



16 UP
10 11 12 13
9 2 3 14
8 1 4 15
7 6 5 16



16 DOWN
16 5 6 7
15 4 1 8
14 3 2 9
13 12 11 10



16 LEFT
13 14 15 16
12 3 4 5
11 2 1 6
10 9 8 7



16 RIGHT
7 8 9 10
6 1 2 11
5 4 3 12
16 15 14 13



25 UP
25 10 11 12 13
24 9 2 3 14
23 8 1 4 15
22 7 6 5 16
21 20 19 18 17



25 DOWN
17 18 19 20 21
16 5 6 7 22
15 4 1 8 23
14 3 2 9 24
13 12 11 10 25



25 LEFT
13 14 15 16 17
12 3 4 5 18
11 2 1 6 19
10 9 8 7 20
25 24 23 22 21



25 RIGHT
21 22 23 24 25
20 7 8 9 10
19 6 1 2 11
18 5 4 3 12
17 16 15 14 13



35 UP
25 10 11 12 13
24 9 2 3 14
23 8 1 4 15
22 7 6 5 16
21 20 19 18 17



35 DOWN
17 18 19 20 21
16 5 6 7 22
15 4 1 8 23
14 3 2 9 24
13 12 11 10 25



35 LEFT
13 14 15 16 17
12 3 4 5 18
11 2 1 6 19
10 9 8 7 20
25 24 23 22 21



35 RIGHT
21 22 23 24 25
20 7 8 9 10
19 6 1 2 11
18 5 4 3 12
17 16 15 14 13



49 UP
49 26 27 28 29 30 31
48 25 10 11 12 13 32
47 24 9 2 3 14 33
46 23 8 1 4 15 34
45 22 7 6 5 16 35
44 21 20 19 18 17 36
43 42 41 40 39 38 37



49 DOWN
37 38 39 40 41 42 43
36 17 18 19 20 21 44
35 16 5 6 7 22 45
34 15 4 1 8 23 46
33 14 3 2 9 24 47
32 13 12 11 10 25 48
31 30 29 28 27 26 49



49 LEFT
31 32 33 34 35 36 37
30 13 14 15 16 17 38
29 12 3 4 5 18 39
28 11 2 1 6 19 40
27 10 9 8 7 20 41
26 25 24 23 22 21 42
49 48 47 46 45 44 43



49 RIGHT
43 44 45 46 47 48 49
42 21 22 23 24 25 26
41 20 7 8 9 10 27
40 19 6 1 2 11 28
39 18 5 4 3 12 29
38 17 16 15 14 13 30
37 36 35 34 33 32 31



