50
78632 7 3 2
58726 3 4 4
58926 15 2 4
66068 13 2 5
77163 1 4 1
54118 1 1 5
73853 9 5 4
52242 3 3 5
75093 6 5 4
59237 5 3 2
71864 4 2 1
63932 2 1 1
50878 12 4 5
53516 5 2 2
78678 4 3 5
75098 15 5 5
78529 3 4 1
55619 6 1 2
53778 2 1 1
68214 6 3 1
69556 1 5 2
62005 10 5 5
58340 2 2 4
71128 3 2 4
71987 13 2 4
51018 4 2 2
62726 12 4 3
62858 8 1 1
77845 1 1 5
52522 7 5 2
81647 15 1 1
75988 4 5 2
60020 3 2 4
53696 5 2 3
79962 9 4 5
69695 12 3 3
74665 9 4 4
68660 15 2 3
75071 12 5 1
64917 3 4 2
68685 1 1 5
77038 13 2 2
75479 9 2 3
50142 1 4 2
80440 5 3 4
60825 9 4 1
52123 13 5 2
51044 2 3 1
80003 4 2 5
74012 5 1 2
