50
700030673 6 3 1
702100039 14 1 1
704206750 13 4 5
706324769 2 4 3
708411193 8 3 3
710528152 12 5 1
712608440 9 2 5
714721924 6 2 1
716815701 6 5 5
718916127 7 4 3
721027821 12 4 5
723127946 13 5 2
725211777 8 5 3
727329096 3 2 1
729403577 13 2 3
731528385 10 5 2
733612636 8 1 1
735727297 2 3 3
737828569 4 5 2
739912438 4 2 3
742032066 7 5 1
744117622 14 2 2
746209868 5 2 4
748326198 12 1 3
750406608 13 2 2
752508563 12 5 4
754616908 6 2 2
756729293 1 5 4
758812643 13 5 1
760930696 4 1 5
763007065 11 1 1
765113674 7 2 3
767224728 11 5 3
769326079 5 4 5
771409966 6 5 4
773524088 15 3 3
775601612 3 5 4
777732583 6 4 4
779816904 7 1 4
781914724 7 1 4
784005020 11 5 2
786107756 5 1 1
788201317 11 4 3
790300765 14 1 2
792423525 11 1 5
794513147 9 1 5
796604801 14 1 3
798713326 4 5 3
800825796 5 5 2
802905410 4 5 1
