50
700031512 1 5 1
702529445 5 4 5
710023156 2 5 2
722512828 8 3 5
740022137 10 1 3
762512817 12 1 3
790025852 15 2 4
822501443 11 3 1
860024264 9 4 2
902520167 1 3 5
950011291 5 2 3
1002521283 8 3 5
1060016678 4 3 3
1122524726 11 1 2
1190027281 9 2 1
1262500429 5 1 5
1340027125 5 3 1
1422500559 14 2 3
1510025185 13 4 1
1602517299 11 4 4
1700005333 12 1 3
1802524964 4 2 5
1910027850 7 2 4
2022509828 6 5 1
2140023720 1 5 4
2262520422 9 5 4
2390002638 9 3 2
2522508946 12 3 3
2660019342 15 1 1
2802520837 4 3 2
2950029357 4 4 4
3102511599 12 3 5
3260027368 14 5 1
3422511795 1 1 1
3590009450 7 5 3
3762517610 2 4 4
3940021335 14 2 3
4122500192 12 2 1
4310030533 8 3 1
4502501014 5 2 5
4700015549 8 4 1
4902518334 13 5 3
5110010046 8 1 3
5322512450 11 5 1
5540003642 2 3 3
5762529726 7 2 2
5990027031 9 2 3
6222519425 6 1 5
6460028207 4 2 2
6702531472 12 2 3
