50
125032511 4 5 5
125014458 7 2 5
125087431 14 4 1
125200098 14 1 5
125467675 8 5 5
125938804 2 3 2
126571146 3 1 1
127498616 3 3 1
128739320 5 5 3
130311884 7 1 2
132269660 15 3 2
134670240 5 3 5
137546817 3 3 1
140931579 3 3 2
144899397 6 2 3
149485364 14 4 3
154706589 14 3 3
160640122 10 4 2
167295887 12 1 1
174728013 7 3 2
183025142 10 2 2
192164354 15 1 2
202221250 2 3 3
213232707 13 2 4
225237621 7 5 1
238283661 9 1 4
252433831 15 4 3
267724720 9 2 5
284175747 6 2 5
301834066 14 1 2
320757832 5 5 2
340988013 6 4 1
362575305 6 3 3
385548492 8 2 4
409956334 2 1 3
435869330 13 5 2
463276848 4 3 1
492257460 12 3 3
522833697 5 5 3
555085689 11 2 1
589000417 10 2 3
624696577 2 1 4
662141354 7 3 2
701457851 6 3 2
742611781 12 1 3
785674478 6 3 5
830712979 1 3 1
877717809 7 3 3
926798853 11 4 2
977978610 11 3 3
