50
2500240 12 5 5
2509410 11 2 1
2574057 15 5 1
2722871 12 5 4
2980778 2 3 3
3437257 4 2 4
4095342 11 3 4
5010218 11 5 2
6226917 9 1 3
7796677 9 5 5
9774674 15 3 4
12150999 12 4 3
15043595 15 3 1
18449649 7 3 4
22408444 11 1 5
26970487 12 5 2
32203300 10 3 2
38120228 10 5 3
44795415 7 5 1
52256388 12 5 3
60515706 3 2 1
69660792 5 4 3
79708042 6 1 1
90730165 5 1 5
102733462 13 2 5
115793989 15 4 4
129929344 4 1 2
145214981 13 3 3
161654591 12 2 2
179346214 15 5 4
198256992 2 3 5
218508716 15 4 1
240093824 14 1 1
263055089 1 4 3
287474644 4 1 3
313355299 12 3 1
340788386 13 1 5
369737410 9 1 3
400323269 14 4 1
432579875 11 2 4
466500397 5 4 2
502194928 1 4 1
539669085 8 5 2
578929062 11 3 3
620086507 7 2 2
663185685 13 5 2
708212739 3 1 3
755238884 4 4 4
804305380 13 4 1
855460874 5 2 2
