50
750638 12 1 5
772604 2 5 2
839623 15 4 5
954070 8 3 1
1225773 12 5 4
1670924 14 3 2
2324665 10 4 5
3266944 11 2 1
4472567 14 3 5
6035335 3 4 3
8021800 9 4 3
10406251 7 4 2
13292734 14 4 2
16696044 12 1 2
20644579 5 2 2
25237434 6 2 4
30468339 8 4 3
36399101 3 5 5
43036413 13 3 5
50494670 5 2 4
58765894 5 1 1
67908795 3 5 3
77978054 15 2 3
88981574 8 1 3
101005992 9 5 2
114044518 3 1 2
128191694 2 5 2
143476997 3 4 5
159903564 9 4 3
177586561 14 5 1
196508904 6 3 2
216739116 14 3 5
238334112 14 1 2
261312971 3 2 3
285710884 12 5 3
311607834 4 5 3
339010136 3 4 4
368003655 5 5 4
398598099 11 4 4
430845042 6 3 1
464780131 8 1 4
500444468 10 2 4
537896070 8 5 2
577204245 6 3 3
618337778 1 5 3
661431315 15 1 3
706456079 15 3 2
753467426 1 2 2
802553719 12 2 3
853708711 12 2 3
