1000
9384 887 0 2778
6916 7794 0 8336
5387 493 0 6650
1422 2363 0 28
8691 60 0 7764
3927 541 0 3427
9173 5737 0 5212
5369 2568 0 6430
5783 1531 0 2863
5124 4068 0 3136
3930 9803 0 4023
3059 3070 0 8168
1394 8457 0 5012
8043 6230 0 7374
4422 4920 0 3785
8538 5199 0 4325
8316 4371 0 6414
3527 6092 0 8981
9957 1874 0 6863
9171 6997 0 7282
2306 926 0 7085
6328 337 0 6506
847 1730 0 1314
5858 6125 0 3896
9583 546 0 8815
3368 5435 0 365
4044 3751 0 1088
6809 7277 0 7179
5789 3585 0 5404
2652 2755 0 2400
9933 5061 0 9677
3369 7740 0 13
6227 8587 0 8095
7540 796 0 571
1435 379 0 7468
6602 98 0 2903
3318 493 0 6653
757 7302 0 281
4287 9442 0 3866
9690 8445 0 6620
8441 4730 0 8032
8118 8098 0 5772
4482 676 0 710
8928 4568 0 7857
9498 2354 0 4587
6966 5307 0 4684
6220 8625 0 1529
2872 5733 0 8830
9504 20 0 8271
3369 9709 0 6716
6341 8150 0 7797
724 2619 0 2246
2847 3452 0 2922
3556 2380 0 7489
7765 8229 0 9842
2351 5194 0 1501
7035 7765 0 125
4915 6988 0 5857
3744 6492 0 2228
8366 9860 0 1937
1433 2552 0 6438
9229 3276 0 5408
1475 6122 0 8859
4396 6030 0 1238
8236 3794 0 5819
4429 6144 0 1012
5929 9530 0 8777
2405 4444 0 5764
4614 4539 0 8607
6841 2905 0 4819
5129 689 0 7370
7918 9918 0 6997
3325 7744 0 9471
2184 8491 0 5500
9773 6726 0 5645
5591 7506 0 8140
2955 9787 0 7670
8083 8543 0 8465
198 9508 0 9356
8805 6349 0 8612
3623 7829 0 9300
7344 5747 0 5569
4341 5423 0 3312
3811 7606 0 1802
5662 3731 0 4879
1306 9321 0 8737
9445 8627 0 8523
3466 6709 0 3417
8283 3259 0 2925
7638 2063 0 5625
2601 2037 0 3453
1900 9380 0 5551
7469 72 0 974
7132 3882 0 4931
8934 5895 0 8661
164 7200 0 7982
8900 2997 0 2960
3774 2814 0 9669
7191 1096 0 2927
6467 5085 0 1341
2091 7685 0 3377
5543 5937 0 9108
7446 9757 0 9180
8419 6888 0 9413
3349 2173 0 1660
2010 2337 0 5211
6343 7588 0 8207
9302 7714 0 7373
5322 1256 0 4820
4600 7722 0 9905
5940 9812 0 3941
5668 1706 0 6229
1128 9151 0 5985
6659 3921 0 9225
2423 7270 0 1397
4082 5631 0 85
9293 1973 0 7673
3851 7626 0 5386
1223 9300 0 6641
6043 3899 0 714
2299 6191 0 525
2591 8210 0 8582
8820 9337 0 7733
1156 5995 0 8005
380 4770 0 5274
1777 8851 0 7256
1861 8143 0 5580
5885 1994 0 3206
7622 9568 0 2505
614 1962 0 2755
1327 4260 0 8945
8203 3203 0 3507
6785 2022 0 2843
869 9529 0 5190
8873 9909 0 9959
499 8037 0 8809
7754 6249 0 3304
3334 2134 0 1649
2891 9755 0 7568
1747 369 0 9530
4501 8047 0 3789
9798 6250 0 6991
3304 3034 0 5364
2498 254 0 4893
7687 9126 0 1153
3997 5976 0 9189
9158 3730 0 5437
2461 3415 0 3922
461 6305 0 29
8028 8051 0 6749
7557 8903 0 4795
7698 8700 0 1044
1040 2003 0 429
6404 4501 0 682
7648 8539 0 6160
5152 2536 0 2135
4340 1693 0 2216
6128 505 0 5630
50 965 0 8286
6430 5344 0 6336
3178 2901 0 5239
7972 6950 0 290
5368 7989 0 2293
5796 744 0 3145
2830 8391 0 1683
5341 3542 0 570
3827 4233 0 2262
6043 361 0 9118
8024 6762 0 82
6310 3191 0 5426
8997 6368 0 4678
4235 691 0 1627
4525 6058 0 9615
3169 8206 0 359
6313 7387 0 5101
4347 2727 0 4995
4917 6553 0 5579
3530 8947 0 2291
2648 6971 0 9052
9081 9632 0 8594
858 8628 0 1313
1887 9215 0 8356
3513 91 0 4413
9480 9611 0 8970
6190 2275 0 6356
7642 6621 0 5434
8988 7889 0 8339
4567 7771 0 7285
6857 418 0 607
2261 5850 0 238
7206 3060 0 5218
8519 4946 0 784
6874 8459 0 874
7638 4290 0 484
6608 479 0 2758
9315 4472 0 5730
1101 3460 0 3619
9439 8026 0 1389
3075 1234 0 8158
3682 3494 0 359
271 700 0 3418
1840 5570 0 8364
2623 8795 0 3174
9848 6432 0 7463
6683 9391 0 4293
5792 5058 0 5116
1522 6158 0 8575
1492 1948 0 2952
9232 5022 0 538
3741 5055 0 4031
4099 5326 0 1082
7517 3517 0 3003
2232 6140 0 1797
5405 2339 0 4581
9219 9022 0 3971
9863 4813 0 5380
4978 2686 0 1537
9905 4177 0 3484
9208 9760 0 4858
9745 3500 0 9912
128 3951 0 5237
7561 7819 0 5106
564 50 0 1245
8712 1806 0 9935
3292 7376 0 8956
3615 3590 0 3769
8994 4919 0 2806
6883 4823 0 6983
6718 4031 0 3094
1575 127 0 6594
1487 254 0 544
3075 7815 0 4714
8180 8378 0 4763
5776 7089 0 2920
5711 6733 0 295
1018 347 0 236
1138 5692 0 5154
3944 2574 0 6329
926 9292 0 6711
4019 7218 0 6837
6964 5056 0 7091
3859 8131 0 4905
8572 2662 0 9634
9686 4790 0 3074
2605 6852 0 9806
9251 7869 0 6504
9486 9007 0 2196
4640 2950 0 1121
968 227 0 6764
7678 597 0 3982
866 7561 0 9037
7956 7771 0 3519
9212 6343 0 2533
5197 2380 0 7322
8271 4985 0 4173
4428 4235 0 2041
7284 73 0 7399
5831 1064 0 348
6951 2031 0 574
3715 6060 0 7523
4048 6925 0 5083
9436 1233 0 9205
2955 444 0 1899
5487 5641 0 4279
9160 263 0 9263
9684 1042 0 9849
1724 8325 0 6273
9123 4155 0 7336
5822 7458 0 9366
2748 1172 0 1777
270 5219 0 8702
1704 4654 0 9934
908 3960 0 6729
2807 5798 0 8721
7085 1309 0 5335
2699 992 0 6377
8899 2716 0 1053
5172 8190 0 1560
2507 4011 0 9017
8225 3110 0 6540
1 3379 0 8110
5054 5082 0 9115
1339 5990 0 9427
8068 5148 0 5224
6788 2232 0 6533
2123 1282 0 3876
4851 180 0 6591
2255 5351 0 1132
3814 7858 0 1495
9182 6082 0 4604
5721 2434 0 7983
182 7488 0 9416
9297 8826 0 5405
8723 6893 0 552
298 33 0 9135
3182 8507 0 416
7058 9709 0 596
10000 1963 0 2298
7484 5777 0 155
8978 1310 0 2588
9933 3383 0 5022
4267 3564 0 8861
3683 9212 0 7686
9087 4286 0 931
5991 4584 0 7315
1477 4117 0 5821
1893 7526 0 5529
8840 7526 0 7491
1137 1361 0 9619
7644 338 0 929
6583 6622 0 4311
7956 889 0 4226
6816 4571 0 3438
854 9 0 7723
1784 2351 0 8658
9098 3828 0 9127
1270 2072 0 6652
3150 911 0 529
640 8399 0 1889
6611 2394 0 8578
3891 8977 0 5200
4553 6932 0 6088
8778 100 0 658
8567 953 0 7018
2642 2736 0 9369
1299 8185 0 3196
6777 5806 0 5267
3429 8955 0 2529
309 9594 0 7279
2198 2556 0 9673
775 6446 0 5001
2326 998 0 8284
8413 6128 0 8383
5422 4694 0 9335
2440 7335 0 8422
8160 4986 0 2958
1355 1762 0 8763
2973 1542 0 7717
1853 1851 0 3663
5483 400 0 6218
5155 1174 0 9016
6507 9852 0 6365
4791 8264 0 2492
3173 38 0 3538
8860 8829 0 872
7281 6988 0 5857
6591 8342 0 3971
5353 7666 0 5512
3070 9518 0 7362
3084 1352 0 4113
9301 6507 0 1639
4668 9365 0 1490
1033 4155 0 6105
9876 3680 0 6142
3413 2539 0 4970
637 6171 0 1957
2845 2761 0 6650
6815 4466 0 4315
2327 3887 0 184
6040 6970 0 1536
153 2622 0 4394
1791 7290 0 110
9632 4674 0 4265
5736 4549 0 4296
1878 4314 0 6834
3199 4950 0 9356
5156 7794 0 8469
8157 961 0 2934
8824 3287 0 3172
5359 5678 0 141
3246 2182 0 2762
3991 324 0 51
4101 9955 0 1076
8365 2043 0 5625
2660 3920 0 6290
5845 3470 0 1239
1552 4977 0 5384
20 3134 0 6344
9305 1957 0 5982
2476 3667 0 8012
8968 6913 0 193
1730 903 0 6869
8132 5003 0 3175
9208 9719 0 5217
1184 2378 0 5488
7473 4574 0 8958
5063 6126 0 3934
6798 2497 0 3419
3142 8154 0 1727
5475 6981 0 5394
3486 5949 0 2306
31 4030 0 9560
6899 2161 0 4563
6425 7720 0 4281
1642 8903 0 3011
3481 2727 0 7584
8790 4141 0 3709
2724 939 0 2558
2494 432 0 711
4221 5906 0 7691
9614 9392 0 3639
8271 9422 0 7668
7830 2672 0 6181
8744 9096 0 3900
3025 7089 0 9155
2387 570 0 8233
9970 5711 0 2374
31 8434 0 9664
2588 7280 0 95
9650 1500 0 2352
7340 7465 0 1743
7331 2087 0 7516
1350 9916 0 187
3882 5012 0 5635
4134 4388 0 2723
3288 6774 0 9644
1520 6743 0 5355
245 3125 0 140
6260 2064 0 7419
6354 1713 0 5270
8706 5405 0 2734
6800 2735 0 4820
4316 436 0 1088
854 670 0 2451
6488 4803 0 6838
5563 8090 0 3611
5206 5961 0 6705
6912 2558 0 9830
3404 8817 0 1893
822 1523 0 3606
2444 6580 0 5362
1529 3379 0 4448
2701 4046 0 4883
3788 4900 0 5552
2590 1387 0 354
9427 6949 0 4795
3037 8507 0 7108
6093 5418 0 9665
5922 8821 0 8481
4167 5995 0 6355
4124 8438 0 2934
9485 6318 0 6313
3932 9018 0 6710
5166 9157 0 1609
7070 1746 0 2996
7423 1172 0 6296
8570 560 0 4802
5677 6653 0 6572
5341 8926 0 1744
173 3092 0 4090
6528 3567 0 8879
5813 3051 0 5197
2125 3334 0 4214
5187 8500 0 3371
6795 5569 0 5116
6142 9343 0 2640
2438 4264 0 3199
3591 9940 0 6203
6514 1632 0 5129
8258 1805 0 4572
2347 4684 0 8139
1226 496 0 7541
6422 8973 0 7227
635 4159 0 5726
357 953 0 7646
5473 3447 0 3340
8112 5884 0 7604
7662 5826 0 7543
217 2340 0 9175
5345 597 0 7331
6268 9295 0 2014
758 520 0 8861
4651 3293 0 7833
1877 280 0 1991
3954 636 0 9296
1599 6108 0 2742
4938 571 0 4977
2541 4585 0 802
84 4801 0 9493
5610 6497 0 6441
2940 2764 0 5736
1305 9874 0 2607
165 4524 0 2252
4350 2752 0 2531
6340 6705 0 3166
1987 8303 0 5626
1080 9592 0 2548
2408 8485 0 7132
9562 4920 0 1932
9054 529 0 8428
5495 9820 0 7544
7582 1124 0 3769
188 7640 0 4644
2439 1989 0 7395
1321 4681 0 4099
4487 3019 0 8753
6464 4099 0 4696
9011 6506 0 3180
6143 6067 0 8099
4426 1473 0 4979
2854 6967 0 4798
6749 4548 0 2273
517 1087 0 9913
5160 9878 0 1901
2554 1198 0 2933
3004 2036 0 5952
8108 8499 0 50
9155 3862 0 2907
2335 4 0 5326
6785 4429 0 6798
1764 3634 0 116
6561 382 0 1015
5186 898 0 2101
5098 2409 0 8330
3350 1314 0 5880
2635 4317 0 7915
8586 8776 0 2766
4987 7931 0 6627
7893 6617 0 6630
9570 9753 0 7410
6367 1516 0 7396
2834 4429 0 7777
3848 9614 0 5027
2301 1063 0 3787
630 764 0 5101
6509 3398 0 9417
776 1983 0 4545
3541 3321 0 8827
6519 7566 0 1795
9500 7135 0 1547
6909 9854 0 3063
4304 2687 0 3843
8433 6535 0 9808
9811 8835 0 870
3597 5816 0 7985
8697 2325 0 1383
4466 9452 0 9717
5362 9344 0 3038
4188 5862 0 603
5982 5361 0 4089
3880 8621 0 3942
3294 2925 0 6629
7136 7709 0 3163
6943 3871 0 1997
4164 7467 0 7812
8501 2516 0 6488
6235 3333 0 2291
5951 8694 0 1634
5340 2881 0 7495
2294 5214 0 2855
6383 5445 0 1476
324 8739 0 752
6952 5874 0 4812
6466 9169 0 8682
4814 9684 0 2500
8978 4536 0 5015
5465 770 0 8347
4108 3073 0 3392
5741 8412 0 2624
9588 7058 0 7837
8794 3440 0 3282
6621 115 0 8372
7372 3419 0 597
8535 9884 0 9765
3568 4698 0 5801
6068 3675 0 336
7434 5491 0 7458
2133 5950 0 530
5524 1691 0 5293
8148 7630 0 2350
2336 6423 0 2141
1969 3044 0 2256
340 6767 0 2026
937 1654 0 8261
7053 5221 0 2958
9205 1288 0 2984
9541 8722 0 4827
6998 7206 0 7128
3879 2729 0 5170
9171 7228 0 2799
1521 9564 0 9222
3661 7884 0 8617
2268 8224 0 5383
4293 5512 0 7036
2554 2564 0 8609
1863 1769 0 9896
1199 7661 0 4969
2377 1010 0 2174
9504 4888 0 1255
4674 4058 0 8482
3824 1930 0 4397
3045 1943 0 2281
8013 4210 0 6856
9748 4855 0 2367
3135 3760 0 1282
1743 1974 0 9402
1639 3172 0 3414
2959 1900 0 4423
1485 7756 0 5662
9091 8781 0 6072
3924 2604 0 8001
8321 2001 0 9943
6953 13 0 505
3808 9760 0 5359
2526 2895 0 9118
159 4637 0 1091
9561 2627 0 615
2974 1938 0 8866
3749 3422 0 6621
9410 8864 0 5401
1833 2787 0 8005
9834 7459 0 6357
6128 4411 0 6369
6632 4570 0 6129
8342 3447 0 5375
7459 3606 0 11
4902 3166 0 8990
1868 2491 0 927
733 6239 0 700
3706 2001 0 9563
5458 3833 0 2349
3462 18 0 9808
6170 2498 0 570
2539 9129 0 5140
5019 7471 0 8586
393 1281 0 8543
6755 2534 0 1708
5744 4401 0 551
3022 1486 0 6789
3721 5191 0 5141
9635 648 0 5326
1984 462 0 1695
8143 6631 0 4192
5064 5521 0 3321
6555 539 0 7143
1493 931 0 8423
35 7686 0 7309
8095 9781 0 1709
8645 2803 0 9546
1785 6523 0 1088
6926 6158 0 1736
8603 4493 0 8549
297 8987 0 1531
841 4050 0 7052
513 6957 0 7590
7655 8449 0 4873
2429 8483 0 2558
6089 6577 0 2338
7798 5221 0 5140
3695 7006 0 8015
4783 283 0 524
2870 5237 0 5016
1418 1885 0 354
9300 2725 0 755
6351 3237 0 7711
293 7243 0 6159
5165 6024 0 4642
7722 2112 0 7570
6411 6261 0 2791
7903 9956 0 6148
5917 1090 0 2782
6440 3959 0 8018
7807 5376 0 9902
4512 4675 0 8979
5266 7378 0 8567
2977 7670 0 2162
9135 2834 0 4537
128 6907 0 3000
7698 3317 0 9261
6840 7571 0 5568
2987 3487 0 3009
5768 6278 0 6967
137 436 0 8694
38 4947 0 9720
5368 213 0 7097
3935 9541 0 1118
6096 8675 0 3951
632 8803 0 7209
3631 2852 0 526
9243 9691 0 4448
1162 2677 0 7935
4170 4796 0 564
1136 4932 0 7352
6181 1321 0 2298
5901 6689 0 8862
2997 6975 0 8402
4115 3070 0 3429
4417 53 0 8583
1626 3683 0 1434
8503 9278 0 1124
2950 6791 0 152
7236 961 0 4947
7800 8448 0 6230
1503 4629 0 7550
3800 529 0 590
9014 9877 0 7564
3767 3991 0 6985
7195 4760 0 7037
5777 6385 0 7072
7210 1239 0 2701
4685 540 0 9491
4836 7776 0 451
9782 1927 0 5251
2363 3429 0 9879
6265 3580 0 6759
6854 8945 0 6635
770 2712 0 6978
4106 6258 0 1737
1143 2035 0 4473
4566 5596 0 5711
7266 6633 0 6250
3108 1468 0 377
3559 7602 0 2303
5161 9964 0 2083
5039 6228 0 2015
1797 9434 0 959
8431 6555 0 3670
5408 660 0 9928
3496 1802 0 8314
7968 2719 0 261
30 6336 0 6893
2632 9444 0 4713
3008 9354 0 2314
1663 4514 0 8629
97 9552 0 4857
2111 7700 0 642
3070 2482 0 7196
3091 7890 0 7855
9370 7737 0 6009
7683 5705 0 8727
4296 5734 0 1415
1188 8365 0 858
2252 7725 0 211
4565 5739 0 4724
3194 5835 0 627
4402 7946 0 8326
1395 7367 0 807
8590 457 0 5048
2796 9827 0 2785
8804 3861 0 4841
3883 8156 0 574
1649 5696 0 5291
2506 7947 0 9367
9068 8864 0 5105
3791 8409 0 7291
769 9162 0 5236
9094 556 0 2602
6252 9145 0 9411
7652 8292 0 5589
436 3448 0 9449
5276 3682 0 3957
2201 5330 0 9652
3843 7835 0 3950
9561 6902 0 9165
4665 7044 0 7573
1956 7812 0 6734
3543 3257 0 3641
2497 5860 0 9137
8259 3511 0 7429
3847 298 0 876
3295 1925 0 4557
7251 4126 0 9886
3254 4320 0 4072
3556 3881 0 7325
2720 4897 0 4368
6645 3204 0 8531
9730 6747 0 1787
3371 5595 0 7646
8859 3853 0 7509
6287 7699 0 7806
3514 7345 0 9731
4422 948 0 208
659 4201 0 879
4730 4108 0 4759
2054 3180 0 6008
2773 6176 0 9211
1303 5905 0 2309
9441 5627 0 7903
7087 4486 0 8107
947 7124 0 5805
8752 638 0 9502
4834 1411 0 449
1393 2070 0 1001
2272 3151 0 5109
3382 1557 0 8288
9389 4329 0 4463
4952 1984 0 6719
7260 1424 0 2346
1515 4862 0 3183
5973 5808 0 6658
8130 912 0 7295
7631 5745 0 5058
8079 7138 0 7127
9079 5761 0 6629
4187 9142 0 8185
8826 4883 0 8866
9640 9834 0 849
6359 3445 0 8624
5056 1311 0 3486
4590 7284 0 5645
1247 5413 0 6556
4894 3043 0 2301
9951 1121 0 5790
3429 6551 0 1550
57 738 0 7043
8242 5915 0 1925
3459 5555 0 8110
659 8265 0 1555
9282 3320 0 9217
9119 4261 0 6500
4764 5507 0 8264
1319 400 0 1306
9971 6702 0 8778
2112 130 0 5329
13 187 0 2418
7056 4780 0 4684
8980 4590 0 238
7090 5248 0 4854
4996 881 0 4525
4212 10000 0 8785
712 1115 0 644
5327 8785 0 1043
6633 5108 0 4097
1762 7219 0 4226
3442 7232 0 764
2211 4287 0 1895
6895 9618 0 2836
3484 3059 0 8083
8338 8054 0 5316
9214 8618 0 5315
7999 5681 0 2781
8642 1007 0 1565
6036 7639 0 3024
132 5753 0 243
710 5546 0 3826
7825 7757 0 4464
6072 1003 0 4081
8907 4486 0 3492
6990 9175 0 1545
8657 8389 0 162
3971 2739 0 5842
3103 1380 0 6849
1019 3767 0 839
4043 251 0 2943
4285 960 0 8489
4462 5136 0 2597
8925 1207 0 3599
9357 114 0 4436
2848 3455 0 9963
745 2111 0 4703
7258 2433 0 7441
9452 1887 0 5172
6300 2905 0 5290
3490 6947 0 5540
2785 7583 0 2851
1273 2044 0 7987
3869 7320 0 9193
3819 6677 0 5658
8254 5876 0 5464
8216 6620 0 3926
9270 3878 0 2710
6710 9681 0 4596
8233 2332 0 7501
3523 5821 0 4447
5414 4957 0 2030
8265 6229 0 425
6251 6449 0 7745
1795 6619 0 773
3805 4873 0 6648
9268 9440 0 9620
3194 8710 0 9849
2255 1771 0 9529
6851 6356 0 1860
4351 6230 0 4032
5149 1643 0 8989
7178 9907 0 1569
3955 2509 0 4370
1699 4304 0 988
2471 8108 0 2212
5470 3727 0 8004
1441 3272 0 3065
1289 5527 0 1187
817 2377 0 7542
9028 3079 0 123
3060 8227 0 1766
8400 5405 0 8024
9968 9359 0 533
689 7409 0 1188
1677 6231 0 9295
240 8052 0 9373
8243 9493 0 2645
1307 781 0 4523
2494 7950 0 6899
6387 3329 0 9977
6510 6388 0 8203
4627 1139 0 9959
2650 7459 0 5669
3182 8147 0 9429
721 6175 0 5659
15 6415 0 63
5740 4657 0 9555
4736 2316 0 335
9258 1161 0 4636
2508 7547 0 7965
2484 4056 0 704
7038 5034 0 1843
3349 7684 0 9301
5369 7217 0 7447
1150 7938 0 3622
3160 4304 0 6388
3222 43 0 1044
2776 4778 0 9711
9463 387 0 871
4098 2894 0 8418
2062 1729 0 8825
9118 8767 0 3859
960 8467 0 7894
260 187 0 5110
4058 1336 0 3047
4031 4496 0 3703
418 7717 0 97
7814 493 0 4875
7524 6307 0 5261
8395 404 0 4507
3164 8818 0 6235
8340 7935 0 1353
8550 8894 0 9819
6443 5505 0 6
7905 5914 0 7693
7303 9945 0 2188
1005 362 0 6257
1102 4527 0 6749
2328 2051 0 3055
3940 6797 0 9810
8446 6312 0 8627
4681 1003 0 2913
6033 9553 0 8158
2204 2347 0 3662
8561 251 0 5928
6253 7554 0 5872
8441 8558 0 2585
1049 6011 0 7112
4149 8338 0 5514
3555 2278 0 8662
3364 7075 0 1325
8343 1755 0 2327
1255 4140 0 1879
5765 6343 0 4226
5778 4903 0 828
1705 1155 0 8381
7576 5947 0 3291
161 6995 0 9301
3624 1143 0 3991
5489 4697 0 2620
4150 4413 0 9694
1826 2755 0 1449
4152 361 0 5588
2383 6125 0 1930
2960 1903 0 3184
3787 3607 0 4338
2168 7535 0 6637
1810 4047 0 3631
1110 7670 0 1126
1452 3158 0 2174
4071 3659 0 6586
3765 5484 0 9340
1565 5987 0 6053
3504 8369 0 2177
5433 1328 0 431
4968 1467 0 4038
9305 3634 0 1572
2293 1795 0 5618
2276 9256 0 9639
3401 708 0 9148
5574 4778 0 9158
2160 4894 0 993
7851 6458 0 6979
3903 9961 0 5348
2432 1745 0 3027
2862 6712 0 4493
6899 2369 0 4478
4822 4661 0 6272
6791 3288 0 1880
2781 6688 0 2587
8280 8614 0 7364
7437 7125 0 8610
8429 4975 0 5067
1760 5230 0 5028
3459 7661 0 6772
6485 6874 0 9836
7330 125 0 2204
8159 4946 0 3216
783 8089 0 6504
2662 869 0 9543
5248 5501 0 8156
8963 2937 0 1632
7572 7718 0 2959
2639 9477 0 8188
4018 2935 0 2200
7141 5771 0 9073