1015
858
386
767
907
981
863
972
127
11
502
522
511
989
1023
410
1019
890
871
511
377
861
979
741
619
811
990
1023
319
1010
147
870
998
1010
831
889
508
461
861
975
992
351
767
989
1006
665
476
266
1022
956
925
639
816
1014
493
1023
644
699
704
869
639
761
827
991
993
987
927
636
901
989
1011
693
997
285
415
767
1005
951
668
467
1007
834
987
925
991
689
714
1005
498
939
959
982
997
894
863
1013
638
579
707
855
959
831
635
911
763
1023
336
510
767
765
509
45
767
699
431
1023
664
245
1013
446
951
950
829
959
830
367
250
1023
751
639
495
895
957
947
631
894
599
1021
447
1023
887
866
254
991
1003
998
1023
1005
287
702
959
894
766
943
638
1023
766
127
518
1004
223
991
1022
501
1019
695
611
1021
1020
1007
887
607
639
875
1022
985
375
702
1023
727
892
907
830
861
489
964
1003
983
957
727
382
237
477
980
575
445
1005
903
423
891
379
1022
429
766
972
391
1023
207
510
241
123
371
367
652
894
479
638
734
759
827
317
511
767
1003
896
287
893
767
735
893
857
1001
1011
959
827
987
882
782
927
891
747
860
959
642
1021
959
375
941
999
413
773
998
1019
991
503
191
893
493
893
861
1003
366
369
767
187
686
1023
1021
507
1016
767
878
841
894
886
989
319
255
371
383
763
495
383
478
670
921
133
767
506
186
914
734
991
319
931
985
1003
927
911
991
908
958
765
217
1019
511
348
500
495
990
520
1011
591
317
963
983
750
862
1003
635
977
949
607
825
959
940
1003
191
955
999
1022
948
742
1006
940
935
863
606
111
383
1015
510
446
1007
899
255
1021
763
1021
511
990
477
351
766
943
991
831
1019
875
936
1020
639
1022
981
383
508
954
957
614
700
991
487
705
190
491
983
565
945
934
572
955
335
959
381
186
475
891
842
1011
766
879
941
319
608
943
573
823
935
831
951
871
697
982
382
383
1021
829
943
1015
556
951
785
727
988
1018
939
548
451
969
636
898
375
887
826
883
975
431
638
205
961
271
1023
991
974
235
573
381
511
638
769
121
888
1018
943
991
893
1023
767
935
851
320
959
1017
271
639
1007
1007
1009
775
411
699
615
998
970
562
779
570
187
977
799
748
1014
703
990
254
841
1007
319
973
563
926
1005
91
957
905
639
735
783
238
503
583
391
701
634
959
991
959
902
890
702
921
959
1019
777
701
563
615
995
1011
767
935
828
501
949
159
429
763
1022
1020
480
887
878
1023
1021
250
701
971
507
845
1019
992
495
727
510
383
215
799
943
948
954
894
253
959
873
550
991
499
727
447
765
759
1011
1007
1017
885
1023
955
879
927
238
254
940
449
973
971
679
957
799
733
1007
806
382
892
977
735
883
793
831
1023
987
232
269
431
567
891
766
459
257
639
975
768
863
954
801
203
253
955
962
365
878
1023
959
959
251
927
767
330
1013
447
888
195
954
326
1022
1021
763
635
251
970
895
100
374
1019
527
127
755
827
91
1006
545
939
784
879
925
989
375
983
639
1021
777
959
851
869
695
984
878
561
1023
287
493
1019
877
900
1023
887
230
1023
1023
508
726
313
959
94
767
989
565
487
373
951
1022
857
763
843
767
415
757
383
1020
703
875
381
702
260
812
967
786
895
979
255
511
909
815
415
438
999
507
923
189
871
379
575
763
169
799
1021
632
251
555
367
375
559
911
1023
995
1023
557
958
953
1023
939
703
639
254
727
1012
509
505
503
829
788
724
958
987
989
863
1011
917
893
798
639
251
991
366
991
863
639
991
1022
509
841
460
487
855
989
1015
949
422
111
757
432
407
225
964
1017
1015
511
763
447
362
516
374
623
511
991
877
859
36
755
844
349
291
939
767
889
1007
967
830
886
1008
895
447
975
989
888
1021
479
662
412
881
851
601
576
996
983
994
1015
958
512
303
591
994
415
761
761
743
763
1012
1022
827
989
253
954
1013
487
511
467
435
617
764
1022
58
853
195
365
634
442
494
695
479
943
198
943
811
1023
370
1017
462
499
1017
383
927
622
831
1023
583
943
871
671
877
913
829
948
687
683
1020
1007
1007
1006
833
367
765
952
247
303
508
511
254
861
191
1015
639
959
736
571
885
828
989
760
759
431
388
766
987
395
958
767
973
351
906
607
983
1015
767
763
507
919
1023
342
381
503
208
501
735
507
493
1022
1007
959
991
267
1023
469
375
446
990
915
889
975
703
991
475
814
499
943
486
254
763
1023
647
568
652
283
772
1015
830
1022
1014
895
479
127
667
475
383
447
810
478
759
1023
860
749
767
510
478
991
63
507
663
499
1019
242
703
86
991
990
810
894
798
377
975
1022
418
607
990
644
768
958
722
1021
1015
90
1004
489
635
530
1009
915
891
890
990
511