356441697
613110159
219858169
71010483
652140360
388831390
891757416
678383158
55297503
20616292
52591463
408507081
230687988
917322087
790077387
883881126
79765870
33027567
23397338
436148833
538197066
881219128
950225908
854956970
230386914
389365705
943064308
873485945
80106211
463830850
813426920
662017605
406827420
395036243
223859750
209251713
367310503
403466023
951851456
28219949
409248402
481948260
79158048
844255904
645898736
703878806
49946370
716962698
903592677
890153220
296134887
646141329
887008978
75851282
820918982
554276271
367073477
77360953
654379579
963628971
445101154
38172679
250715160
79002221
931390266
408154872
38193937
446696553
279069766
666603389
454827811
60454947
621319709
90801889
924497652
549167708
466797715
517355636
951188132
286459389
384495256
804789332
158510321
744543891
246366107
38103627
317952464
742047000
264884335
729100517
619793054
317618776
479684227
410566699
531242697
332574357
429502149
921943356
27697225
884613757
886404031
991004306
18664870
119092632
687338412
498636739
582404705
49748102
469412252
67679823
770891860
373972158
515694406
544312430
945868713
796530060
576171781
855641245
653309934
987101231
566577306
164671934
520825810
535021832
864704493
302228727
537492787
769503173
433547413
610333097
745592513
182471915
782506665
269820367
873382799
3714954
153231199
635700136
199270524
67869648
214343094
104562875
106499153
679413536
831984067
700922561
90287475
323570299
752288175
578498213
401198917
309631741
227033064
111269161
305112877
337554647
722754428
273437264
160794014
734134534
47249046
747128535
62861131
488577113
478995076
361900052
957645359
357535536
570412360
545925032
116448969
528620066
810016043
278246383
199457509
95123717
351785284
378391657
617441636
305521366
332090114
467450230
742228517
923221754
916962046
190940099
30217356
915383001
548634260
160026251
459015763
365216026
607448556
216790726
791524061
269855866
450552085
751128251
616798689
815637999
250240558
7566848
909291375
385683106
6485839
654394149
54922572
650042257
311148188
72488307
686738054
383122685
758867121
365288536
970525004
730811128
137870059
961532705
994674109
463805320
785865020
618655215
955173062
448447293
661110080
893335591
552201165
629838880
919968855
439995006
451153871
966473799
450439222
544574291
702151029
318418779
906897843
735431195
149581975
614799578
870501665
949882784
523348657
426749542
904937131
458836258
846441986
358416334
753714239
274102584
859372912
465396188
240699772
963274811
464674963
73016338
649039218
223522727
315398277
331197821
210538768
132431214
892224927
569742259
616437300
965395721
641999766
312111131
220178145
40878902
395143823
894138875
950087803
95019604
112109399
298426370
810102213
915922827
994417265
504151801
830458358
38616050
863992027
19731212
445477806
161623740
581947227
975631286
247636580
889459764
369944769
167702470
203284301
252895094
105331251
956877078
237552034
135843565
90303112
717325457
494149322
858269329
843418142
528995521
732365152
352921192
334420078
547553738
169821259
607570493
409817793
774657501
296381568
344419910
577207365
142624613
667049095
43339517
313593927
646059016
415970147
101832332
761039657
312584141
621356282
421691421
940618097
714943863
494975613
898197594
383642963
699188424
491397907
411008265
801464637
203622886
979660021
710011216
688522276
169972403
344008572
494014435
719747464
243676894
349339466
619997037
441784467
694947147
528034504
23710397
956321873
341828
548982486
854802696
969745774
816459422
991239938
795500241
402616643
158150664
835379733
96618483
494345072
322248392
611720855
35773086
499171868
864805359
554059031
618364824
80095109
118365471
855578011
765186453
951275510
443967143
623057056
916051174
854151587
141661263
341168682
244106824
928222487
240293063
54757382
159101517
725151598
62701326
546117456
554738085
23674104
202182216
303880193
795082208
787367867
843039601
317532964
528836693
968677266
354421843
346736302
581337396
535938970
941933939
675274731
508184501
222445518
994744706
150293028
794341959
556222135
423337569
685321808
889628692
527412554
268774040
650439946
402168186
365109116
341203474
961347011
852049346
811882853
696055411
271565100
175489087
306150240
169108209
435936572
357620369
193475119
264619754
876688248
307944785
8012623
370519453
785676631
429583203
913376617
817919572
165753636
605610870
249666317
230529195
32228877
246616632
766802780
52669730
169690618
525983714
841761058
368714454
164989723
834308413
868471704
612362548
983759202
811559932
214497638
100646403
619383061
835141276
461977423
817357983
573151423
738559264
700320575
316798484
133868719
277387191
959496691
892525032
17131004
530238229
15963840
260900221
877740965
817423650
282019073
260733358
556088461
84220315
922837448
465693353
941218515
137320774
769070105
5110379
915002151
138090237
183015213
964591736
686029356
671360582
110671448
944495315
535059684
805147836
782691938
786294915
