416868675
161790269
528275617
31191903
234886973
370643177
883064711
211881625
550397521
772157382
561553373
508597007
185523447
65554078
152922081
804630442
321444943
207248278
858410635
157947713
867114465
632385565
342975276
40506851
188175678
970738349
831961211
454474026
698963265
576903905
170832288
978410400
872006512
356178698
400881143
397137946
756442482
12209414
600094147
203381791
692882011
117933467
330520331
769810017
413481616
823649605
228960444
821248420
130722227
79101571
56704895
223310760
164972062
782203433
723794554
127507081
247313380
126375629
412163241
202342850
830934024
822866691
42520891
468601350
834934157
524061723
54906160
191588158
789686851
485966386
319319529
348215901
397686734
922483681
409432638
668020483
220804654
72862273
609704364
293659502
998956513
15920768
856964948
844573505
804975264
95441651
539534213
410337422
631353956
499989455
907326536
570732022
636654465
732052797
682680000
481784861
159690236
467786464
682180601
457768780
314345970
985388624
847982116
50352671
309000821
43304252
431817781
875882002
79876839
756348927
871963542
306536593
865784576
193991433
700074714
865869162
257444422
432992325
795100755
967041672
263458586
254461394
639644854
373135117
837709821
645221670
965241361
983020698
355264679
886276734
81396860
952302619
835762140
192311844
544137336
701325917
125870335
317781063
623472800
219444011
429567773
293194187
431169973
183606
736404386
377629837
573162368
988860870
573237302
659107860
490441855
378226648
386168520
246602020
650405376
972132455
240531376
921019383
977021961
774842115
180378319
206830674
451143313
960761517
547839234
257681715
516896551
765817558
949884531
412229067
626037146
254586625
729273253
336200163
227170466
343661579
918614061
562129327
15625531
653398039
32318272
950247156
344079975
647577866
513473957
695415955
750717246
904576849
812676459
908812164
13851828
938185941
875769361
617936544
165623399
123770122
466385397
802986908
551694462
866830291
303796544
683983487
8219319
289971251
875152442
342217818
722189116
913922928
532182540
642265995
173237253
819498338
378656049
560456003
45633304
934245944
539347748
90086694
613201764
782181163
573930305
2309483
938704615
731082384
773137041
104392165
469396888
528533808
184500324
266235420
56826148
796092092
480395785
171152594
570098265
154515807
794139902
652865391
908938729
14895140
806695747
401195845
327629094
479231576
429039514
877535346
384242317
190256979
687477301
430154196
415428554
496249356
100146858
757397811
702468750
993127535
152273183
926067786
601766710
521758561
281977783
280914267
732643469
597654085
645223608
820911581
503573613
521002350
521799537
92575547
848020282
869370765
222581141
418425404
939926538
16779959
215561475
680679742
946211215
205458713
372651581
267849551
842072741
514381459
138333195
655381318
975705460
645036888
990929108
815859249
920293985
833466879
739786011
814547410
412522335
589873161
384813537
301301650
226168862
183937232
742659153
60970215
975477545
611317337
398339340
944617408
153185830
416694076
187749751
21663923
252439026
10420856
886356737
738262805
33593679
90704116
967567131
178386797
554231552
224846195
635232681
93135855
615714838
120548528
246733351
987620460
740845621
735072329
248015907
354615832
523348918
536082784
181184084
112134065
156034938
85717733
232943177
1064960
725363279
406168288
707345940
814478612
250197828
529119374
301554503
868372313
733805994
622721674
885365183
402341359
192818933
350990017
215068154
36899923
930333390
381982066
21724477
264996513
834146523
958951502
881851478
566187410
254975634
272169276
864929773
600620241
362352054
659174472
899887436
221072128
536383257
735360464
237664274
138218315
19586685
532181093
282740645
699089693
932076784
496524176
202602091
487308248
361239963
734864812
988345190
542809301
935383666
934617334
631822674
384439971
119121914
457941508
434679344
931166903
264999595
68170406
74011998
522621424
722562255
116525658
336081025
336532744
55853391
756735835
322236423
348964699
439657225
363028966
250129470
196241793
13647198
226377128
279105536
315392114
20737245
605213581
951815375
247214923
807327114
485978654
798806174
487621145
842167034
331036818
748042124
750211670
985891263
425421662
542210001
791073489
448212120
72738648
110779934
343986845
953577961
74177081
927416675
155118467
703201178
649570948
986504304
987629004
97152391
446710660
533686008
704323911
589202464
679838343
890760176
674110388
837684067
552405955
942248638
816832260
253335799
637153530
417855590
342836987
937529607
359166581
514092537
421415068
266814974
46772296
961601856
2695603
475331446
418233796
782103588
676645183
263343168
623738438
778165017
33236548
330514856
570636139
21288834
782077355
335190051
391287570
302704427
751776554
810241379
198002288
777250932
984712634
87405345
825522990
262287964
699338562
181953664
333297625
46366023
732497711
880390175
471736983
278440985
960420618
910957534
109684267
109684267
109684267
109684267
109684267
109684267
109684267
109684267
109684267
109684267
109684267
109684267
109684267
109684267
109684267
109684267
109684267
109684267
109684267
109684267
109684267
109684267
109684267
109684267
109684267
109684267
109684267
109684267
109684267
109684267
109684267
109684267
109684267
109684267
109684267
109684267
109684267
109684267
109684267
109684267
109684267
109684267
109684267
109684267
109684267
109684267
109684267
109684267
109684267
109684267
109684267
109684267
109684267
109684267
109684267
109684267
109684267
109684267
109684267
109684267
109684267
109684267
109684267
109684267
109684267
109684267
109684267
109684267
109684267
109684267
109684267
109684267
109684267
109684267
109684267
109684267
109684267
109684267
109684267
109684267
109684267
109684267
109684267
109684267
109684267
109684267
109684267
109684267
109684267
109684267
109684267
109684267
109684267
109684267
109684267
109684267
109684267
109684267
109684267
109684267
109684267
109684267
109684267
109684267
109684267
109684267
109684267
109684267
109684267
109684267
109684267
109684267
109684267
109684267
109684267
109684267
109684267
109684267
109684267
109684267
109684267
109684267
109684267
109684267
109684267
109684267
109684267
109684267
109684267
109684267
109684267
109684267
109684267
109684267
109684267
109684267
109684267
109684267
109684267
109684267
109684267
109684267
109684267
109684267
109684267
109684267
109684267
109684267
109684267
109684267
109684267
109684267
109684267
109684267
109684267
109684267
109684267
109684267
109684267
109684267
109684267
109684267
109684267
109684267
109684267
109684267
109684267
109684267
109684267
109684267
109684267
109684267
109684267
109684267
109684267
109684267
109684267
109684267
109684267
109684267
109684267
109684267
109684267
109684267
109684267
109684267
109684267
109684267
109684267
109684267
109684267
109684267
109684267
109684267
109684267
109684267
109684267
109684267
109684267
109684267
109684267
109684267
109684267
109684267
109684267
109684267
109684267
109684267
109684267
109684267
109684267
109684267
109684267
109684267
109684267
109684267
109684267
109684267
109684267
109684267
109684267
109684267
109684267
109684267
109684267
109684267
109684267
109684267
109684267
109684267
109684267
109684267
109684267
109684267
109684267
109684267
109684267
109684267
109684267
109684267
109684267
109684267
109684267
109684267
109684267
109684267
109684267
109684267
109684267
109684267
109684267
109684267
109684267
109684267
109684267
109684267
109684267
109684267
109684267
109684267
109684267
109684267
109684267
109684267
109684267
109684267
109684267
109684267
109684267
109684267
109684267
109684267
109684267
109684267
109684267
109684267
109684267
109684267
109684267
109684267
109684267
109684267
109684267
109684267
109684267
109684267
109684267
109684267
109684267
109684267
109684267
109684267
109684267
109684267
109684267
109684267
109684267
109684267
109684267
109684267
109684267
109684267
109684267
109684267
109684267
109684267
109684267
109684267
109684267
109684267
109684267
109684267
109684267
109684267
109684267
109684267
109684267
109684267
109684267
109684267
109684267
109684267
109684267
109684267
109684267
109684267
109684267
109684267
109684267
109684267
109684267
109684267
109684267
109684267
109684267
109684267
109684267
109684267
109684267
109684267
109684267
109684267
109684267
109684267
109684267
109684267
109684267
109684267
109684267
109684267
109684267
109684267
109684267
109684267
109684267
109684267
109684267
109684267
109684267
109684267
109684267
109684267
109684267
109684267
109684267
109684267
109684267
109684267
109684267
109684267
109684267
109684267
109684267
109684267
109684267
109684267
109684267
109684267
109684267
109684267
109684267
109684267
109684267
109684267
109684267
109684267
109684267
109684267
109684267
109684267
109684267
109684267
109684267
109684267
109684267
109684267
109684267
109684267
109684267
109684267
109684267
109684267
109684267
109684267
109684267
109684267
109684267
109684267
109684267
109684267
109684267
109684267
109684267
109684267
109684267
109684267
109684267
109684267
109684267
109684267
109684267
109684267
109684267
109684267
109684267
109684267
109684267
109684267
109684267
109684267
109684267
109684267
109684267
109684267
109684267
109684267
109684267
109684267
109684267
109684267
109684267
109684267
109684267
109684267
109684267
109684267
109684267
109684267
109684267
109684267
109684267
109684267
109684267
109684267
109684267
109684267
109684267
109684267
109684267
109684267
109684267
109684267
109684267
109684267
109684267
109684267
109684267
109684267
109684267
109684267
109684267
109684267
109684267
109684267
109684267
109684267
109684267
109684267
109684267
109684267
109684267
109684267
109684267
109684267
109684267
109684267
109684267
109684267
109684267
109684267
109684267
109684267
109684267
109684267
109684267
109684267
109684267
109684267
109684267
109684267
109684267
