916361706
203572593
602040123
474999502
831149623
685353684
740920012
191514629
855185842
383599853
887292465
666929016
888538309
111607513
869154078
575124808
950058670
177590314
200917745
288721333
171353658
860272246
896025927
161856316
5566106
655451
274544263
743270220
250439802
306620138
344119213
284458093
686884670
919157674
864641019
943192036
959092259
765016644
91786783
156304849
493588718
857396800
81500961
30437166
843746990
573111850
469263123
891882671
86326539
704128932
619596345
328420643
578252751
699104230
588248712
680786700
652531690
276087920
97950156
301806755
689008227
209408717
629477897
716240306
457953153
717562398
871629206
957550854
184007714
676766849
145072445
438976249
84741272
773629777
772780124
597019974
954763682
374709870
775333319
992893811
301574891
345720791
25142253
883450861
92531123
43359376
861916597
19365910
94033681
529026323
893652917
812588489
944657113
122957960
872477899
528384740
167751046
246313708
149256539
300649733
865575781
223958854
157031869
132243849
450570816
956311764
357547793
860014390
268995488
116555563
715908461
390181624
590136902
586170941
247131606
614231974
675305379
992202880
494701320
925328325
515456249
684700617
777450393
521576105
506250082
879595262
674183914
717578943
673625149
758774600
613153269
91040711
164218085
169514726
992399948
934580494
111363950
744208325
470826793
883168613
596950497
433138748
354768269
562063696
907659061
821464752
420972270
658799356
726539938
939869990
392787691
191140655
321202947
427628450
934939026
591965245
849536042
438780343
324199110
61282
737289579
27575935
503400749
409110001
847172792
52669951
630236354
775883377
316136142
277986424
316045017
383633124
747678295
168551566
22690235
41574224
171450630
683804832
310480972
334555005
725835142
735368747
253962700
660381717
672436991
620775012
754343562
958359638
861058522
306458608
861785103
492200456
418650288
30285643
174979660
576517587
940451938
435166259
350048282
454748804
21372008
332661362
206519081
965183502
544404769
462277250
68414504
316742978
731967023
405677799
967512706
90571221
922426155
948127209
16300846
197616441
792827642
209358733
501565170
96920293
882517465
162182627
442142905
753499366
40527811
612972830
196702037
671719799
852511150
121111448
150143151
959030308
83600354
127336892
94776262
110929546
274018885
463086317
307160778
370938973
885490483
932320733
772943252
558658369
42743523
571989831
809666713
891915426
166322522
76530326
799076692
563507529
807201881
430244162
300538018
35197348
69053549
824795819
891298234
52397686
691426064
485733212
302516202
389590097
821776549
887084025
191342040
344154629
89435212
507500852
959520433
136973661
943278032
316076736
846845214
579705542
972963330
703943896
773261459
813928491
291227019
892333479
656660678
888751973
910912638
726318989
567987652
896178622
447792395
280220980
919428676
175540875
25898361
337363164
63459805
804797460
159863130
958206760
201439896
470585435
896873659
924410643
704958661
657047138
446371692
51105196
339654757
704774096
559538335
941443243
966034081
909434132
844009951
741601317
775111795
824320113
361046865
463866090
605372034
658257699
225584442
137688690
808389000
540366280
65375409
643072129
767546824
559661333
986660252
914658316
766908268
717188603
486053824
424320011
876748050
359184916
685573157
340862830
631930756
679883047
318919647
179231818
687954129
316105571
816201547
585391019
904160639
139236895
995229339
894286583
944977874
686147944
51774865
855197665
359337763
375563790
470567814
501068195
576690495
468281914
560074016
148996764
870750487
503527861
757403846
142746910
48867717
896632457
334539802
694108499
779624031
506165314
956681994
402498294
442702645
222778116
853432246
649415522
466393072
720449958
237146452
331405866
329015941
859961366
752933734
515691475
205796792
657354318
880574796
404296787
49343861
580643717
103906122
803915914
522773788
814953799
718350107
901239161
561015126
671208777
995868001
122928992
36726171
649988682
63338429
907352396
501051165
741018950
975394903
274998924
202541485
860732021
198832698
98282069
591466599
947610069
178185181
404547700
327153239
785319280
986210301
57223857
144114888
171961522
554019176
855498770
902157444
469974538
615182778
556437953
373529291
468206197
416985864
243661550
232898257
363982287
656591405
183922645
702829134
139818705
870259706
604823603
781987539
870553552
150839212
742921159
535992142
272850370
505776124
57249663
995275338
316193600
493569325
802099667
112113906
845785366
518238832
210179659
73857350
491506139
134608282
427150539
35578412
418068516
302851391
98810896
916158232
63229576
272886685
635081473
372707684
653217564
523759118
812250043
335344892
139762830
657482199
303394901
381498412
149795195
466587936
377110423
145762765
335349253
495245523
391181757
336073783
43586041
310847848
779631999
421203431
166563181
305581353
618555741
141267766
282260670
477322935
92996781
698280568
26339518
26339518
26339518
26339518
26339518
26339518
26339518
26339518
26339518
26339518
26339518
26339518
26339518
26339518
26339518
26339518
26339518
26339518
26339518
26339518
26339518
26339518
26339518
26339518
26339518
26339518
26339518
26339518
26339518
26339518
26339518
26339518
26339518
26339518
26339518
26339518
26339518
26339518
26339518
26339518
26339518
26339518
26339518
26339518
26339518
26339518
26339518
26339518
26339518
26339518
26339518
26339518
26339518
26339518
26339518
26339518
26339518
26339518
26339518
26339518
26339518
26339518
26339518
26339518
26339518
26339518
26339518
26339518
26339518
26339518
26339518
26339518
26339518
26339518
26339518
26339518
26339518
26339518
26339518
26339518
26339518
26339518
26339518
26339518
26339518
26339518
26339518
26339518
26339518
26339518
26339518
26339518
26339518
26339518
26339518
26339518
26339518
26339518
26339518
26339518
26339518
26339518
26339518
26339518
26339518
26339518
26339518
26339518
26339518
26339518
26339518
26339518
26339518
26339518
26339518
26339518
26339518
26339518
26339518
26339518
26339518
26339518
26339518
26339518
26339518
26339518
26339518
26339518
26339518
26339518
26339518
26339518
26339518
26339518
26339518
26339518
26339518
26339518
26339518
26339518
26339518
26339518
26339518
26339518
26339518
26339518
26339518
26339518
26339518
26339518
26339518
26339518
26339518
26339518
26339518
26339518
26339518
26339518
26339518
26339518
26339518
26339518
26339518
26339518
26339518
26339518
26339518
26339518
26339518
26339518
26339518
26339518
26339518
26339518
26339518
26339518
26339518
26339518
26339518
26339518
26339518
26339518
26339518
26339518
26339518
26339518
26339518
26339518
26339518
26339518
26339518
26339518
26339518
26339518
26339518
26339518
26339518
26339518
26339518
26339518
26339518
26339518
26339518
26339518
26339518
26339518
26339518
26339518
26339518
26339518
26339518
26339518
26339518
26339518
26339518
26339518
26339518
26339518
26339518
26339518
26339518
26339518
26339518
26339518
26339518
26339518
26339518
26339518
26339518
26339518
26339518
26339518
26339518
26339518
26339518
26339518
26339518
26339518
26339518
26339518
26339518
26339518
26339518
26339518
26339518
26339518
26339518
26339518
26339518
26339518
26339518
26339518
26339518
26339518
26339518
26339518
26339518
26339518
26339518
26339518
26339518
26339518
26339518
26339518
26339518
26339518
26339518
26339518
26339518
26339518
26339518
26339518
26339518
26339518
26339518
26339518
26339518
26339518
26339518
26339518
26339518
26339518
26339518
26339518
26339518
26339518
26339518
26339518
26339518
26339518
26339518
26339518
26339518
26339518
26339518
26339518
26339518
26339518
26339518
26339518
26339518
26339518
26339518
26339518
26339518
26339518
26339518
26339518
26339518
26339518
26339518
26339518
26339518
26339518
26339518
26339518
26339518
26339518
26339518
26339518
26339518
26339518
26339518
26339518
26339518
26339518
26339518
26339518
26339518
26339518
26339518
26339518
26339518
26339518
26339518
26339518
26339518
26339518
26339518
26339518
26339518
26339518
26339518
26339518
26339518
26339518
26339518
26339518
26339518
26339518
26339518
26339518
26339518
26339518
26339518
26339518
26339518
26339518
26339518
26339518
26339518
26339518
26339518
26339518
26339518
26339518
26339518
26339518
26339518
26339518
26339518
26339518
26339518
26339518
26339518
26339518
26339518
26339518
26339518
26339518
26339518
26339518
26339518
26339518
26339518
26339518
26339518
26339518
26339518
26339518
26339518
26339518
26339518
26339518
26339518
26339518
26339518
26339518
26339518
26339518
26339518
26339518
26339518
26339518
26339518
26339518
26339518
26339518
26339518
26339518
26339518
26339518
26339518
26339518
26339518
26339518
26339518
26339518
26339518
26339518
26339518
26339518
26339518
26339518
26339518
26339518
26339518
26339518
26339518
26339518
26339518
26339518
26339518
26339518
26339518
26339518
26339518
26339518
26339518
26339518
26339518
26339518
26339518
26339518
26339518
26339518
26339518
26339518
26339518
26339518
26339518
26339518
26339518
26339518
26339518
26339518
26339518
26339518
26339518
26339518
26339518
26339518
26339518
26339518
26339518
26339518
26339518
26339518
26339518
26339518
26339518
26339518
26339518
26339518
26339518
26339518
26339518
26339518
26339518
26339518
26339518
26339518
26339518
26339518
26339518
26339518
26339518
26339518
26339518
26339518
26339518
26339518
26339518
26339518
26339518
26339518
26339518
26339518
26339518
26339518
26339518
26339518
26339518
26339518
26339518
26339518
26339518
26339518
26339518
26339518
26339518
26339518
26339518
26339518
26339518
26339518
26339518
26339518
26339518
26339518
26339518
26339518
26339518
26339518
26339518
26339518
26339518
26339518
26339518
26339518
26339518
26339518
26339518
26339518
26339518
26339518
26339518
26339518
26339518
26339518
26339518
26339518
26339518
26339518
26339518
26339518
26339518
26339518
26339518
26339518
26339518
26339518
26339518
26339518
26339518
26339518
26339518
26339518
26339518
26339518
26339518
26339518
26339518
26339518
26339518
26339518
26339518
26339518
26339518
26339518
26339518
26339518
26339518
26339518
26339518
26339518
26339518
26339518
26339518
26339518
26339518
26339518
26339518
26339518
26339518
26339518
26339518
26339518
26339518
26339518
26339518
26339518
26339518
26339518
26339518
26339518
26339518
26339518
26339518
26339518
26339518
26339518
26339518
26339518
26339518
26339518
26339518
26339518
26339518
26339518
26339518
26339518
26339518
26339518
26339518
26339518
26339518
26339518
26339518
26339518
26339518
26339518
26339518
26339518
26339518
26339518
26339518
26339518
26339518
26339518
26339518
26339518
26339518
26339518
26339518
26339518
26339518
26339518
26339518
26339518
26339518
26339518
26339518
26339518
26339518
26339518
26339518
26339518
26339518
26339518
26339518
26339518
26339518
26339518
26339518
26339518
26339518
26339518
26339518
26339518
26339518
26339518
26339518
26339518
26339518
26339518
26339518
26339518
26339518
26339518
26339518
26339518
26339518
26339518
26339518
26339518
26339518
26339518
26339518
26339518
26339518
26339518
26339518
26339518
26339518
26339518
26339518
26339518
26339518
26339518
26339518
26339518
26339518
26339518
26339518
26339518
26339518
26339518
26339518
26339518
26339518
26339518
26339518
26339518
26339518
26339518
26339518
26339518
26339518
26339518
26339518
26339518
26339518
26339518
26339518
26339518
26339518
26339518
26339518
26339518
26339518
26339518
26339518
26339518
26339518
26339518
26339518
26339518
26339518
26339518
26339518
26339518
26339518
26339518
26339518
26339518
26339518
26339518
26339518
26339518
26339518
26339518
26339518
26339518
26339518
26339518
26339518
26339518
26339518
26339518
26339518
26339518
26339518
26339518
26339518
26339518
26339518
26339518
26339518
26339518
26339518
26339518
26339518
26339518
26339518
26339518
26339518
26339518
26339518
26339518
26339518
26339518
26339518
26339518
26339518
26339518
26339518
26339518
26339518
26339518
26339518
26339518
26339518
26339518
26339518
26339518
26339518
26339518
26339518
26339518
26339518
26339518
26339518
26339518
26339518
26339518
26339518
26339518
26339518
26339518
26339518
26339518
26339518
26339518
26339518
26339518
26339518
26339518
26339518
26339518
26339518
26339518
26339518
26339518
26339518
26339518
26339518
26339518
26339518
26339518
26339518
26339518
26339518
26339518
26339518
26339518
26339518
26339518
26339518
26339518
26339518
26339518
26339518
26339518
26339518
26339518
26339518
26339518
26339518
26339518
26339518
26339518
26339518
26339518
26339518
26339518
26339518
26339518
26339518
26339518
26339518
26339518
26339518
26339518
26339518
26339518
26339518
26339518
26339518
26339518
26339518
26339518
26339518
26339518
26339518
26339518
26339518
26339518
26339518
26339518
26339518
26339518
26339518
26339518
26339518
26339518
26339518
26339518
26339518
26339518
26339518
26339518
26339518
26339518
26339518
26339518
26339518
26339518
26339518
26339518
26339518
26339518
26339518
26339518
26339518
26339518
26339518
26339518
26339518
26339518
26339518
26339518
26339518
26339518
26339518
26339518
26339518
26339518
26339518
26339518
26339518
26339518
26339518
26339518
26339518
26339518
26339518
26339518
26339518
26339518
26339518
26339518
26339518
26339518
26339518
26339518
26339518
26339518
26339518
26339518
26339518
26339518
26339518
26339518
26339518
26339518
26339518
26339518
26339518
26339518
26339518
26339518
26339518
26339518
26339518
26339518
26339518
26339518
26339518
26339518
26339518
26339518
26339518
26339518
26339518
26339518
26339518
26339518
26339518
26339518
26339518
26339518
26339518
26339518
26339518
26339518
26339518
26339518
26339518
26339518
26339518
26339518
26339518
26339518
26339518
26339518
26339518
26339518
26339518
26339518
26339518
26339518
26339518
26339518
26339518
26339518
26339518
26339518
26339518
26339518
26339518
26339518
26339518
26339518
26339518
26339518
26339518
26339518
26339518
26339518
26339518
26339518
26339518
26339518
26339518
26339518
26339518
26339518
26339518
26339518
26339518
26339518
26339518
26339518
26339518
26339518
26339518
26339518
26339518
26339518
26339518
26339518
26339518
26339518
26339518
26339518
26339518
26339518
26339518
26339518
26339518
26339518
26339518
26339518
26339518
26339518
26339518
26339518
26339518
26339518
26339518
26339518
26339518
26339518
26339518
26339518
26339518
26339518
26339518
26339518
26339518
26339518
26339518
26339518
26339518
26339518
26339518
26339518
26339518
26339518
26339518
26339518
26339518
26339518
26339518
26339518
26339518
26339518
26339518
26339518
26339518
26339518
26339518
26339518
26339518
26339518
26339518
26339518
26339518
26339518
26339518
26339518
26339518
26339518
26339518
26339518
26339518
26339518
26339518
26339518
26339518
26339518
26339518
26339518
26339518
26339518
26339518
26339518
26339518
26339518
26339518
26339518
26339518
26339518
26339518
26339518
26339518
26339518
26339518
26339518
26339518
26339518
26339518
26339518
26339518
26339518
26339518
26339518
26339518
26339518
26339518
26339518
26339518
26339518
26339518
26339518
26339518
26339518
26339518
26339518
26339518
26339518
26339518
26339518
26339518
26339518
26339518
26339518
26339518
26339518
26339518
26339518
26339518
26339518
26339518
26339518
26339518
26339518
26339518
26339518
26339518
26339518
26339518
26339518
26339518
26339518
26339518
26339518
26339518
26339518
26339518
26339518
26339518
26339518
26339518
26339518
26339518
26339518
26339518
26339518
26339518
26339518
26339518
26339518
26339518
26339518
26339518
26339518
26339518
26339518
26339518
26339518
26339518
26339518
26339518
26339518
26339518
26339518
26339518
26339518
26339518
26339518
26339518
26339518
26339518
26339518
26339518
26339518
26339518
26339518
26339518
26339518
26339518
26339518
26339518
26339518
26339518
26339518
26339518
26339518
26339518
26339518
26339518
26339518
26339518
26339518
26339518
26339518
26339518
26339518
26339518
26339518
26339518
26339518
26339518
26339518
26339518
26339518
26339518
26339518
26339518
26339518
26339518
26339518
26339518
26339518
26339518
26339518
26339518
26339518
26339518
26339518
26339518
26339518
26339518
26339518
26339518
26339518
26339518
26339518
26339518
26339518
26339518
26339518
26339518
26339518
26339518
26339518
26339518
26339518
26339518
26339518
26339518
26339518
26339518
26339518
26339518
26339518
26339518
26339518
26339518
26339518
26339518
26339518
26339518
26339518
26339518
26339518
26339518
26339518
26339518
26339518
26339518
26339518
26339518
26339518
26339518
26339518
26339518
26339518
26339518
26339518
26339518
26339518
26339518
26339518
26339518
26339518
26339518
26339518
26339518
26339518
26339518
26339518
26339518
26339518
26339518
26339518
26339518
26339518
26339518
26339518
26339518
26339518
26339518
26339518
26339518
26339518
26339518
26339518
26339518
26339518
26339518
26339518
26339518
26339518
26339518
26339518
26339518
26339518
26339518
26339518
26339518
26339518
26339518
26339518
26339518
26339518
26339518
26339518
26339518
26339518
26339518
26339518
26339518
26339518
26339518
26339518
26339518
26339518
26339518
26339518
26339518
26339518
26339518
26339518
26339518
26339518
26339518
26339518
26339518
26339518
26339518
26339518
26339518
26339518
26339518
26339518
26339518
26339518
26339518
26339518
26339518
26339518
26339518
26339518
26339518
26339518
26339518
26339518
26339518
26339518
26339518
26339518
26339518
26339518
26339518
26339518
26339518
26339518
26339518
26339518
26339518
26339518
26339518
26339518
26339518
26339518
26339518
26339518
26339518
26339518
26339518
26339518
26339518
26339518
26339518
26339518
26339518
26339518
26339518
26339518
26339518
26339518
26339518
26339518
26339518
26339518
26339518
26339518
26339518
26339518
26339518
26339518
26339518
26339518
26339518
26339518
26339518
26339518
26339518
26339518
26339518
26339518
26339518
26339518
26339518
26339518
26339518
26339518
26339518
26339518
26339518
26339518
26339518
26339518
26339518
26339518
26339518
26339518
26339518
26339518
26339518
26339518
26339518
26339518
26339518
26339518
26339518
26339518
26339518
26339518
26339518
26339518
26339518
26339518
26339518
26339518
26339518
26339518
26339518
26339518
26339518
26339518
26339518
26339518
26339518
26339518
26339518
26339518
26339518
26339518
26339518
26339518
26339518
26339518
26339518
26339518
26339518
26339518
26339518
26339518
26339518
26339518
26339518
26339518
26339518
26339518
26339518
26339518
26339518
26339518
26339518
26339518
26339518
26339518
26339518
26339518
26339518
26339518
26339518
26339518
26339518
26339518
26339518
26339518
26339518
26339518
26339518
26339518
26339518
26339518
26339518
26339518
26339518
26339518
26339518
26339518
26339518
26339518
26339518
26339518
26339518
26339518
26339518
26339518
26339518
26339518
26339518
26339518
26339518
26339518
26339518
26339518
26339518
26339518
26339518
26339518
26339518
26339518
26339518
26339518
26339518
26339518
26339518
26339518
26339518
26339518
26339518
26339518
26339518
26339518
26339518
26339518
26339518
26339518
26339518
26339518
26339518
26339518
26339518
26339518
26339518
26339518
26339518
26339518
26339518
26339518
26339518
26339518
26339518
26339518
26339518
26339518
26339518
26339518
26339518
26339518
26339518
26339518
26339518
26339518
26339518
26339518
26339518
26339518
26339518
26339518
26339518
26339518
26339518
26339518
26339518
26339518
26339518
26339518
26339518
26339518
26339518
26339518
26339518
26339518
26339518
26339518
26339518
26339518
26339518
26339518
26339518
26339518
26339518
26339518
26339518
26339518
26339518
26339518
26339518
26339518
26339518
26339518
26339518
26339518
26339518
26339518
26339518
26339518
26339518
26339518
26339518
26339518
26339518
26339518
26339518
26339518
26339518
26339518
26339518
26339518
26339518
26339518
26339518
26339518
26339518
26339518
26339518
26339518
26339518
26339518
26339518
26339518
26339518
26339518
26339518
26339518
26339518
26339518
26339518
26339518
26339518
26339518
26339518
26339518
26339518
26339518
26339518
26339518
26339518
26339518
26339518
26339518
26339518
26339518
26339518
26339518
26339518
26339518
26339518
26339518
26339518
26339518
26339518
26339518
26339518
26339518
26339518
26339518
26339518
26339518
26339518
26339518
26339518
26339518
26339518
26339518
26339518
26339518
26339518
26339518
26339518
26339518
26339518
26339518
26339518
26339518
26339518
26339518
26339518
26339518
26339518
26339518
26339518
26339518
26339518
26339518
26339518
26339518
26339518
26339518
26339518
26339518
26339518
26339518
26339518
26339518
26339518
26339518
26339518
26339518
26339518
26339518
26339518
26339518
26339518
26339518
26339518
26339518
26339518
26339518
26339518
26339518
26339518
26339518
26339518
26339518
26339518
26339518
26339518
26339518
26339518
26339518
26339518
26339518
26339518
26339518
26339518
26339518
26339518
26339518
26339518
26339518
26339518
26339518
26339518
26339518
26339518
26339518
26339518
26339518
26339518
26339518
26339518
26339518
26339518
26339518
26339518
26339518
26339518
26339518
26339518
26339518
26339518
26339518
26339518
26339518
26339518
26339518
26339518
26339518
26339518
26339518
26339518
26339518
26339518
26339518
26339518
26339518
26339518
26339518
26339518
26339518
26339518
26339518
26339518
26339518
26339518
26339518
26339518
26339518
26339518
26339518
26339518
26339518
26339518
26339518
26339518
26339518
26339518
26339518
26339518
26339518
26339518
26339518
26339518
26339518
26339518
26339518
26339518
26339518
26339518
26339518
26339518
26339518
26339518
26339518
26339518
26339518
26339518
26339518
26339518
26339518
26339518
26339518
26339518
26339518
26339518
26339518
26339518
26339518
26339518
26339518
26339518
26339518
26339518
26339518
26339518
26339518
26339518
26339518
26339518
26339518
26339518
26339518
26339518
26339518
26339518
26339518
26339518
26339518
26339518
26339518
26339518
26339518
26339518
26339518
26339518
26339518
26339518
26339518
26339518
26339518
26339518
26339518
26339518
26339518
26339518
26339518
26339518
26339518
26339518
26339518
26339518
26339518
26339518
26339518
26339518
26339518
26339518
26339518
26339518
26339518
26339518
26339518
26339518
26339518
26339518
26339518
26339518
26339518
26339518
26339518
26339518
26339518
26339518
26339518
26339518
26339518
26339518
26339518
26339518
26339518
26339518
26339518
26339518
26339518
26339518
26339518
26339518
26339518
26339518
26339518
26339518
26339518
26339518
26339518
26339518
26339518
26339518
26339518
26339518
26339518
26339518
26339518
26339518
26339518
26339518
26339518
26339518
26339518
26339518
26339518
26339518
26339518
26339518
26339518
26339518
26339518
26339518
26339518
26339518
26339518
26339518
26339518
26339518
26339518
26339518
26339518
26339518
26339518
26339518
26339518
26339518
26339518
26339518
26339518
26339518
26339518
26339518
26339518
26339518
26339518
26339518
26339518
26339518
26339518
26339518
26339518
26339518
26339518
26339518
26339518
26339518
26339518
26339518
26339518
26339518
26339518
26339518
26339518
26339518
26339518
26339518
26339518
26339518
26339518
26339518
26339518
26339518
26339518
26339518
26339518
26339518
26339518
26339518
26339518
26339518
26339518
26339518
26339518
26339518
26339518
26339518
26339518
26339518
26339518
26339518
26339518
26339518
26339518
26339518
26339518
26339518
26339518
26339518
26339518
26339518
26339518
26339518
26339518
26339518
26339518
26339518
26339518
26339518
26339518
26339518
26339518
26339518
26339518
26339518
26339518
26339518
26339518
26339518
26339518
26339518
26339518
26339518
26339518
26339518
26339518
26339518
26339518
26339518
26339518
26339518
26339518
26339518
26339518
26339518
26339518
26339518
26339518
26339518
26339518
26339518
26339518
26339518
26339518
26339518
26339518
26339518
26339518
26339518
26339518
26339518
26339518
26339518
26339518
26339518
26339518
26339518
26339518
26339518
26339518
26339518
26339518
26339518
26339518
26339518
26339518
26339518
26339518
26339518
26339518
26339518
26339518
26339518
26339518
26339518
26339518
26339518
26339518
26339518
26339518
26339518
26339518
26339518
26339518
26339518
26339518
26339518
26339518
26339518
26339518
26339518
26339518
26339518
26339518
26339518
26339518
26339518
26339518
26339518
26339518
26339518
26339518
26339518
26339518
26339518
26339518
26339518
26339518
26339518
26339518
26339518
26339518
26339518
26339518
26339518
26339518
26339518
26339518
26339518
26339518
26339518
26339518
26339518
26339518
26339518
26339518
26339518
26339518
26339518
26339518
26339518
26339518
26339518
26339518
26339518
26339518
26339518
26339518
26339518
26339518
26339518
26339518
26339518
26339518
26339518
26339518
26339518
26339518
26339518
26339518
26339518
26339518
26339518
26339518
26339518
26339518
26339518
26339518
26339518
26339518
26339518
26339518
26339518
26339518
26339518
26339518
26339518
26339518
26339518
26339518
26339518
26339518
26339518
26339518
26339518
26339518
26339518
26339518
26339518
26339518
26339518
26339518
26339518
26339518
26339518
26339518
26339518
26339518
26339518
26339518
26339518
26339518
26339518
26339518
26339518
26339518
26339518
26339518
26339518
26339518
26339518
26339518
26339518
26339518
26339518
26339518
26339518
26339518
26339518
26339518
26339518
26339518
26339518
26339518
26339518
26339518
26339518
26339518
26339518
26339518
26339518
26339518
26339518
26339518
26339518
26339518
26339518
26339518
26339518
26339518
26339518
26339518
26339518
26339518
26339518
26339518
26339518
26339518
26339518
26339518
26339518
26339518
26339518
26339518
26339518
26339518
26339518
26339518
26339518
26339518
26339518
26339518
26339518
26339518
26339518
26339518
26339518
26339518
26339518
26339518
26339518
26339518
26339518
26339518
26339518
26339518
26339518
26339518
26339518
26339518
26339518
26339518
26339518
26339518
26339518
26339518
26339518
26339518
26339518
26339518
26339518
26339518
26339518
26339518
26339518
26339518
26339518
26339518
26339518
26339518
26339518
26339518
26339518
26339518
26339518
26339518
26339518
26339518
26339518
26339518
26339518
26339518
26339518
26339518
26339518
26339518
26339518
26339518
26339518
26339518
26339518
26339518
26339518
26339518
26339518
26339518
26339518
26339518
26339518
26339518
26339518
26339518
26339518
26339518
26339518
26339518
26339518
26339518
26339518
26339518
26339518
26339518
26339518
26339518
26339518
26339518
26339518
26339518
26339518
26339518
26339518
26339518
26339518
26339518
26339518
26339518
26339518
26339518
26339518
26339518
26339518
26339518
26339518
26339518
26339518
26339518
26339518
26339518
26339518
26339518
26339518
26339518
26339518
26339518
26339518
26339518
26339518
26339518
26339518
26339518
26339518
26339518
26339518
26339518
26339518
26339518
26339518
26339518
26339518
26339518
26339518
26339518
26339518
26339518
26339518
26339518
26339518
26339518
26339518
26339518
26339518
26339518
26339518
26339518
26339518
26339518
26339518
26339518
26339518
26339518
26339518
26339518
26339518
26339518
26339518
26339518
26339518
26339518
26339518
26339518
26339518
26339518
26339518
26339518
26339518
26339518
26339518
26339518
26339518
26339518
26339518
26339518
26339518
26339518
26339518
26339518
26339518
26339518
26339518
26339518
26339518
26339518
26339518
26339518
26339518
26339518
26339518
26339518
26339518
26339518
26339518
26339518
26339518
26339518
26339518
26339518
26339518
26339518
26339518
26339518
26339518
26339518
26339518
26339518
26339518
26339518
26339518
