26576346
925447134
513668212
407375681
287656553
702997706
446841769
711115554
613278916
206425529
589482821
22898589
809249738
309522454
320114484
323583660
316736201
840574306
186982989
903935992
500415048
50278898
694163215
212061956
290177672
785095652
422580873
374025194
540952933
410224289
330627354
791827479
22572479
801050547
624005084
838735158
851547187
539239323
3898164
336109226
620646917
91617333
108622902
691696384
220370990
27594641
926960958
544827104
335994771
468471948
33054705
264198099
932046179
515683320
548944076
502293897
531303559
473095274
659835924
103733006
847322966
997498174
560230373
718346144
844683679
149472491
210618384
537656296
596472861
29338785
754430043
505594189
553251378
823471454
701823226
304451519
777983490
529459122
795016889
387710539
470585812
606042255
716317022
211560761
769913969
696943484
922026983
85129571
93575868
749422473
698669129
893802036
719450819
562516295
767394369
477364895
694242706
531279088
172851379
417950084
421573983
188485030
586049863
504676807
391654966
538810911
439127783
189404863
861151602
764501772
843691959
793347750
518534252
766634530
919989175
115687235
746298280
507438804
657319887
653947408
27178779
328296868
935865837
506270052
120695565
212722515
884251291
400081587
18218505
704730191
231647238
977083598
735176628
722280495
97759718
177766407
35776836
259555966
526213593
86912731
650867810
841959736
116378596
220058752
836846997
453347320
522167838
575746160
210883952
936530052
649105330
284775707
7836850
931571516
264711832
962726893
423185157
104017658
951579112
394280229
4611087
546612855
200759413
658868369
422101943
348031539
971675149
290572657
438943608
872840563
938671561
217972872
650020514
982635549
250380381
367749641
419836592
670639268
814483261
424162394
7480633
47837038
281748552
22010447
402960078
154224274
564838541
72024244
17202057
232676708
93821356
330063770
801842081
217722459
106245426
861895363
163396095
660996275
674896147
380697303
170294230
642135433
824979236
81501643
495692568
831060627
481116971
426177851
812121454
880316517
914809241
513768722
522859289
31300531
402737143
929892558
752792387
196715044
545808584
512753449
295369802
856973990
894526576
963359266
128216791
173010606
683652239
199885868
601191964
480736992
280890399
949555100
746292902
472576906
741611855
421198811
189932613
957821536
335047547
220189528
338941011
53389368
472741755
515595023
445230519
426776477
955208241
595441974
237068809
43682528
707941404
568641693
442083521
734220764
753848959
590121263
576444607
347361870
682866229
15310248
245845751
310138175
123689543
457766241
780434564
598841891
937720127
125513494
160485164
79759343
670915867
739270497
472598728
778172139
257578635
426716345
662389040
435223296
454192958
731458080
340842771
950781552
25825541
627341380
49053997
306941641
96283577
338511346
348261327
473478414
622664537
377206096
55694464
654535986
131232951
523045606
533528957
799172291
5020103
1190137
764789851
923847909
195450440
291954207
423545998
244651982
471283888
852712964
184578803
343606688
566240907
737235817
647338596
738029938
905207
895312687
578960877
368448926
715026573
441767750
806782158
543969906
99956628
498641915
491538189
480714898
549339516
134055450
998508401
306982553
47937312
588070810
383194765
383733657
417843547
736933981
97788390
474828336
745249458
466736718
622044149
171391526
116649108
234861073
374848286
712199146
716077960
23724790
204693988
516280976
511593920
849577032
786238307
569406980
409681610
42658844
469390528
837400155
830211553
385925794
31644259
114717420
738015451
239549348
903102896
136408275
606096755
314455487
204102984
886356744
860294198
433237143
188160397
665807924
104916403
646763310
607447409
589139604
441896075
558660570
56218149
536967542
108108236
968872100
903263873
143673803
873658379
448330151
226840769
48028727
549277968
64276358
785340352
618921354
416382722
362247894
43457524
329568903
91353709
666800181
977810878
433611387
66759148
79957310
884437927
258244014
7764678
854486476
909433478
320085634
10832770
687601894
472114682
802882250
523859280
80974387
381276016
28465668
190498084
997868402
665829182
173051170
580046247
165250211
106650967
263916147
412270083
31172006
895900679
899787120
382907583
102051503
199788712
736613468
160873476
293763082
301023050
765991504
786415785
613403919
989230228
759068676
349820227
678079388
934543070
72318740
153604270
999142627
490542702
629541818
132526863
378140636
80352515
884971334
457809494
357467168
229132631
42597154
976203236
210546142
102068888
384098356
363898859
52497635
964921953
1067899
65273385
794878714
962708953
394061340
424010223
305426937
389304227
288081779
946788584
318264437
160445
710425058
106484224
123044453
811485355
725426179
922398808
768896563
295893833
697843895
607611347
354722911
489125400
706117271
831745225
812734632
375725222
481450875
118490731
944780054
256540871
266973386
34129133
530525684
530525684
530525684
530525684
530525684
530525684
530525684
530525684
530525684
530525684
530525684
530525684
530525684
530525684
530525684
530525684
530525684
530525684
530525684
530525684
530525684
530525684
530525684
530525684
530525684
530525684
530525684
530525684
530525684
530525684
530525684
530525684
530525684
530525684
530525684
530525684
530525684
530525684
530525684
530525684
530525684
530525684
530525684
530525684
530525684
530525684
530525684
530525684
530525684
530525684
530525684
530525684
530525684
530525684
530525684
530525684
530525684
530525684
530525684
530525684
530525684
530525684
530525684
530525684
530525684
530525684
530525684
530525684
530525684
530525684
530525684
530525684
530525684
530525684
530525684
530525684
530525684
530525684
530525684
530525684
530525684
530525684
530525684
530525684
530525684
530525684
530525684
530525684
530525684
530525684
530525684
530525684
530525684
530525684
530525684
530525684
530525684
530525684
530525684
530525684
530525684
530525684
530525684
530525684
530525684
530525684
530525684
530525684
530525684
530525684
530525684
530525684
530525684
530525684
530525684
530525684
530525684
530525684
530525684
530525684
530525684
530525684
530525684
530525684
530525684
530525684
530525684
530525684
530525684
530525684
530525684
530525684
530525684
530525684
530525684
530525684
530525684
530525684
530525684
530525684
530525684
530525684
530525684
530525684
530525684
530525684
530525684
530525684
530525684
530525684
530525684
530525684
530525684
530525684
530525684
530525684
530525684
530525684
530525684
530525684
530525684
530525684
530525684
530525684
530525684
530525684
530525684
530525684
530525684
530525684
530525684
530525684
530525684
530525684
530525684
530525684
530525684
530525684
530525684
530525684
530525684
530525684
530525684
530525684
530525684
530525684
530525684
530525684
530525684
530525684
530525684
530525684
530525684
530525684
530525684
530525684
530525684
530525684
530525684
530525684
530525684
530525684
530525684
530525684
530525684
530525684
530525684
530525684
530525684
530525684
530525684
530525684
530525684
530525684
530525684
530525684
530525684
530525684
530525684
530525684
530525684
530525684
530525684
530525684
530525684
530525684
530525684
530525684
530525684
530525684
530525684
530525684
530525684
530525684
530525684
530525684
530525684
530525684
530525684
530525684
530525684
530525684
530525684
530525684
530525684
530525684
530525684
530525684
530525684
530525684
530525684
530525684
530525684
530525684
530525684
530525684
530525684
530525684
530525684
530525684
530525684
530525684
530525684
530525684
530525684
530525684
530525684
530525684
530525684
530525684
530525684
530525684
530525684
530525684
530525684
530525684
530525684
530525684
530525684
530525684
530525684
530525684
530525684
530525684
530525684
530525684
530525684
530525684
530525684
530525684
530525684
530525684
530525684
530525684
530525684
530525684
530525684
530525684
530525684
530525684
530525684
530525684
530525684
530525684
530525684
530525684
530525684
530525684
530525684
530525684
530525684
530525684
530525684
530525684
530525684
530525684
530525684
530525684
530525684
530525684
530525684
530525684
530525684
530525684
530525684
530525684
530525684
530525684
530525684
530525684
530525684
530525684
530525684
530525684
530525684
530525684
530525684
530525684
530525684
530525684
530525684
530525684
530525684
530525684
530525684
530525684
530525684
530525684
530525684
530525684
530525684
530525684
530525684
530525684
530525684
530525684
530525684
530525684
530525684
530525684
530525684
530525684
530525684
530525684
530525684
530525684
530525684
530525684
530525684
530525684
530525684
530525684
530525684
530525684
530525684
530525684
530525684
530525684
530525684
530525684
530525684
530525684
530525684
530525684
530525684
530525684
530525684
530525684
530525684
530525684
530525684
530525684
530525684
530525684
530525684
530525684
530525684
530525684
530525684
530525684
530525684
530525684
530525684
530525684
530525684
530525684
530525684
530525684
530525684
530525684
530525684
530525684
530525684
530525684
530525684
530525684
530525684
530525684
530525684
530525684
530525684
530525684
530525684
530525684
530525684
530525684
530525684
530525684
530525684
530525684
530525684
530525684
530525684
530525684
530525684
530525684
530525684
530525684
530525684
530525684
530525684
530525684
530525684
530525684
530525684
530525684
530525684
530525684
530525684
530525684
530525684
530525684
530525684
530525684
530525684
530525684
530525684
530525684
530525684
530525684
530525684
530525684
530525684
530525684
530525684
530525684
530525684
530525684
530525684
530525684
530525684
530525684
530525684
530525684
530525684
530525684
530525684
530525684
530525684
530525684
530525684
530525684
530525684
530525684
530525684
530525684
530525684
530525684
530525684
530525684
530525684
530525684
530525684
530525684
530525684
530525684
530525684
530525684
530525684
530525684
530525684
530525684
530525684
530525684
530525684
530525684
530525684
530525684
530525684
530525684
530525684
530525684
530525684
530525684
530525684
530525684
530525684
530525684
530525684
530525684
530525684
530525684
530525684
530525684
530525684
530525684
530525684
530525684
530525684
530525684
530525684
530525684
530525684
530525684
530525684
530525684
530525684
530525684
530525684
530525684
530525684
530525684
530525684
530525684
530525684
530525684
530525684
530525684
530525684
530525684
530525684
530525684
530525684
530525684
530525684
530525684
530525684
530525684
530525684
530525684
530525684
530525684
530525684
530525684
530525684
530525684
530525684
530525684
530525684
530525684
530525684
530525684
530525684
530525684
530525684
530525684
530525684
530525684
530525684
530525684
530525684
530525684
530525684
530525684
530525684
530525684
530525684
530525684
530525684
530525684
530525684
530525684
530525684
530525684
530525684
530525684
530525684
530525684
530525684
530525684
530525684
530525684
530525684
530525684
530525684
530525684
530525684
530525684
530525684
530525684
530525684
530525684
530525684
530525684
530525684
530525684
530525684
530525684
530525684
530525684
530525684
530525684
530525684
530525684
530525684
530525684
530525684
530525684
530525684
530525684
530525684
530525684
530525684
530525684
530525684
530525684
530525684
530525684
530525684
530525684
530525684
530525684
530525684
530525684
530525684
530525684
530525684
530525684
530525684
530525684
530525684
530525684
530525684
530525684
530525684
530525684
530525684
530525684
530525684
530525684
530525684
530525684
530525684
530525684
530525684
530525684
530525684
530525684
530525684
530525684
530525684
530525684
530525684
530525684
530525684
530525684
530525684
530525684
530525684
530525684
530525684
530525684
530525684
530525684
530525684
530525684
530525684
530525684
530525684
530525684
530525684
530525684
530525684
530525684
530525684
530525684
530525684
530525684
530525684
530525684
530525684
530525684
530525684
530525684
530525684
530525684
530525684
530525684
530525684
530525684
530525684
530525684
530525684
530525684
530525684
530525684
530525684
530525684
530525684
530525684
530525684
530525684
530525684
530525684
530525684
530525684
530525684
530525684
530525684
530525684
530525684
530525684
530525684
530525684
530525684
530525684
530525684
530525684
530525684
530525684
530525684
530525684
530525684
530525684
530525684
530525684
530525684
530525684
530525684
530525684
530525684
530525684
530525684
530525684
530525684
530525684
530525684
530525684
530525684
530525684
530525684
530525684
530525684
530525684
530525684
530525684
530525684
530525684
530525684
530525684
530525684
530525684
530525684
530525684
530525684
530525684
530525684
530525684
530525684
530525684
530525684
530525684
530525684
530525684
530525684
530525684
530525684
530525684
530525684
530525684
530525684
530525684
530525684
530525684
530525684
530525684
530525684
530525684
530525684
530525684
530525684
530525684
530525684
530525684
530525684
530525684
530525684
530525684
530525684
530525684
530525684
530525684
530525684
530525684
530525684
530525684
530525684
530525684
530525684
530525684
530525684
530525684
530525684
530525684
530525684
530525684
530525684
530525684
530525684
530525684
530525684
530525684
530525684
530525684
530525684
530525684
530525684
530525684
530525684
530525684
530525684
530525684
530525684
530525684
530525684
530525684
530525684
530525684
530525684
530525684
530525684
530525684
530525684
530525684
530525684
530525684
530525684
530525684
530525684
530525684
530525684
530525684
530525684
530525684
530525684
530525684
530525684
530525684
530525684
530525684
530525684
530525684
530525684
530525684
530525684
530525684
530525684
530525684
530525684
530525684
530525684
530525684
530525684
530525684
530525684
530525684
530525684
530525684
530525684
530525684
530525684
530525684
530525684
530525684
530525684
530525684
530525684
530525684
530525684
530525684
530525684
530525684
530525684
530525684
530525684
530525684
530525684
530525684
530525684
530525684
530525684
530525684
530525684
530525684
530525684
530525684
530525684
530525684
530525684
530525684
530525684
530525684
530525684
530525684
530525684
530525684
530525684
530525684
530525684
530525684
530525684
530525684
530525684
530525684
530525684
530525684
530525684
530525684
530525684
530525684
530525684
530525684
530525684
530525684
530525684
530525684
530525684
530525684
530525684
530525684
530525684
530525684
530525684
530525684
530525684
530525684
530525684
530525684
530525684
530525684
530525684
530525684
530525684
530525684
530525684
530525684
530525684
530525684
530525684
530525684
530525684
530525684
530525684
530525684
530525684
530525684
530525684
530525684
530525684
530525684
530525684
530525684
530525684
530525684
530525684
530525684
530525684
530525684
530525684
530525684
530525684
530525684
530525684
530525684
530525684
530525684
530525684
530525684
530525684
530525684
530525684
530525684
530525684
530525684
530525684
530525684
530525684
530525684
530525684
530525684
530525684
530525684
530525684
530525684
530525684
530525684
530525684
530525684
530525684
530525684
530525684
530525684
530525684
530525684
530525684
530525684
530525684
530525684
530525684
530525684
530525684
530525684
530525684
530525684
530525684
530525684
530525684
530525684
530525684
530525684
530525684
530525684
530525684
530525684
530525684
530525684
530525684
530525684
530525684
530525684
530525684
530525684
530525684
530525684
530525684
530525684
530525684
530525684
530525684
530525684
530525684
530525684
530525684
530525684
530525684
530525684
530525684
530525684
530525684
530525684
530525684
530525684
530525684
530525684
530525684
530525684
530525684
530525684
530525684
530525684
530525684
530525684
530525684
530525684
530525684
530525684
530525684
530525684
530525684
530525684
530525684
530525684
530525684
530525684
530525684
530525684
530525684
530525684
530525684
530525684
530525684
530525684
530525684
530525684
530525684
530525684
530525684
530525684
530525684
530525684
530525684
530525684
530525684
530525684
530525684
530525684
530525684
530525684
530525684
530525684
530525684
530525684
530525684
530525684
530525684
530525684
530525684
530525684
530525684
530525684
530525684
530525684
530525684
530525684
530525684
530525684
530525684
530525684
530525684
530525684
530525684
530525684
530525684
530525684
530525684
530525684
530525684
530525684
530525684
530525684
530525684
530525684
530525684
530525684
530525684
530525684
530525684
530525684
530525684
530525684
530525684
530525684
530525684
530525684
530525684
530525684
530525684
530525684
530525684
530525684
530525684
530525684
530525684
530525684
530525684
530525684
530525684
530525684
530525684
530525684
530525684
530525684
530525684
530525684
530525684
530525684
530525684
530525684
530525684
530525684
530525684
530525684
530525684
530525684
530525684
530525684
530525684
530525684
530525684
530525684
530525684
530525684
530525684
530525684
530525684
530525684
530525684
530525684
530525684
530525684
530525684
530525684
530525684
530525684
530525684
530525684
530525684
530525684
530525684
530525684
530525684
530525684
530525684
530525684
530525684
530525684
530525684
530525684
530525684
530525684
530525684
530525684
530525684
530525684
530525684
530525684
530525684
530525684
530525684
530525684
530525684
530525684
530525684
530525684
530525684
530525684
530525684
530525684
530525684
530525684
530525684
530525684
530525684
530525684
530525684
530525684
530525684
530525684
530525684
530525684
530525684
530525684
530525684
530525684
530525684
530525684
530525684
530525684
530525684
530525684
530525684
530525684
530525684
530525684
530525684
530525684
530525684
530525684
530525684
530525684
530525684
530525684
530525684
530525684
530525684
530525684
530525684
530525684
530525684
530525684
530525684
530525684
530525684
530525684
530525684
530525684
530525684
530525684
530525684
530525684
530525684
530525684
530525684
530525684
530525684
530525684
530525684
530525684
530525684
530525684
530525684
530525684
530525684
530525684
530525684
530525684
530525684
530525684
530525684
530525684
530525684
530525684
530525684
530525684
530525684
530525684
530525684
530525684
530525684
530525684
530525684
530525684
530525684
530525684
530525684
530525684
530525684
530525684
530525684
530525684
530525684
530525684
530525684
530525684
530525684
530525684
530525684
530525684
530525684
530525684
530525684
530525684
530525684
530525684
530525684
530525684
530525684
530525684
530525684
530525684
530525684
530525684
530525684
530525684
530525684
530525684
530525684
530525684
530525684
530525684
530525684
530525684
530525684
530525684
530525684
530525684
530525684
530525684
530525684
530525684
530525684
530525684
530525684
530525684
530525684
530525684
530525684
530525684
530525684
530525684
530525684
530525684
530525684
530525684
530525684
530525684
530525684
530525684
530525684
530525684
530525684
530525684
530525684
530525684
530525684
530525684
530525684
530525684
530525684
530525684
530525684
530525684
530525684
530525684
530525684
530525684
530525684
530525684
530525684
530525684
530525684
530525684
530525684
530525684
530525684
530525684
530525684
530525684
530525684
530525684
530525684
530525684
530525684
530525684
530525684
530525684
530525684
530525684
530525684
530525684
530525684
530525684
530525684
530525684
530525684
530525684
530525684
530525684
530525684
530525684
530525684
530525684
530525684
530525684
530525684
530525684
530525684
530525684
530525684
530525684
530525684
530525684
530525684
530525684
530525684
530525684
530525684
530525684
530525684
530525684
530525684
530525684
530525684
530525684
530525684
530525684
530525684
530525684
530525684
530525684
530525684
530525684
530525684
530525684
530525684
530525684
530525684
530525684
530525684
530525684
530525684
530525684
530525684
530525684
530525684
530525684
530525684
530525684
530525684
530525684
530525684
530525684
530525684
530525684
530525684
530525684
530525684
530525684
530525684
530525684
530525684
530525684
530525684
530525684
530525684
530525684
530525684
530525684
530525684
530525684
530525684
530525684
530525684
530525684
530525684
530525684
530525684
530525684
530525684
530525684
530525684
530525684
530525684
530525684
530525684
530525684
530525684
530525684
530525684
530525684
530525684
530525684
530525684
530525684
530525684
530525684
530525684
530525684
530525684
530525684
530525684
530525684
530525684
530525684
530525684
530525684
530525684
530525684
530525684
530525684
530525684
530525684
530525684
530525684
530525684
530525684
530525684
530525684
530525684
530525684
530525684
530525684
530525684
530525684
530525684
530525684
530525684
530525684
530525684
530525684
530525684
530525684
530525684
530525684
530525684
530525684
530525684
530525684
530525684
530525684
530525684
530525684
530525684
530525684
530525684
530525684
530525684
530525684
530525684
530525684
530525684
530525684
530525684
530525684
530525684
530525684
530525684
530525684
530525684
530525684
530525684
530525684
530525684
530525684
530525684
530525684
530525684
530525684
530525684
530525684
530525684
530525684
530525684
530525684
530525684
530525684
530525684
530525684
530525684
530525684
530525684
530525684
530525684
530525684
530525684
530525684
530525684
530525684
530525684
530525684
530525684
530525684
530525684
530525684
530525684
530525684
530525684
530525684
530525684
530525684
530525684
530525684
530525684
530525684
530525684
530525684
530525684
530525684
530525684
530525684
530525684
530525684
530525684
530525684
530525684
530525684
530525684
530525684
530525684
530525684
530525684
530525684
530525684
530525684
530525684
530525684
530525684
530525684
530525684
530525684
530525684
530525684
530525684
530525684
530525684
530525684
530525684
530525684
530525684
530525684
530525684
530525684
530525684
530525684
530525684
530525684
530525684
530525684
530525684
530525684
530525684
530525684
530525684
530525684
530525684
530525684
530525684
530525684
530525684
530525684
530525684
530525684
530525684
530525684
530525684
530525684
530525684
530525684
530525684
530525684
530525684
530525684
530525684
530525684
530525684
530525684
530525684
530525684
530525684
530525684
530525684
530525684
530525684
530525684
530525684
530525684
530525684
530525684
530525684
530525684
530525684
530525684
530525684
530525684
530525684
530525684
530525684
530525684
530525684
530525684
530525684
530525684
530525684
530525684
530525684
530525684
530525684
530525684
530525684
530525684
530525684
530525684
530525684
530525684
530525684
530525684
530525684
530525684
530525684
530525684
530525684
530525684
530525684
530525684
530525684
530525684
530525684
530525684
530525684
530525684
530525684
530525684
530525684
530525684
530525684
530525684
530525684
530525684
530525684
530525684
530525684
530525684
530525684
530525684
530525684
530525684
530525684
530525684
530525684
530525684
530525684
530525684
530525684
530525684
530525684
530525684
530525684
530525684
530525684
530525684
530525684
530525684
530525684
530525684
530525684
530525684
530525684
530525684
530525684
530525684
530525684
530525684
530525684
530525684
530525684
530525684
530525684
530525684
530525684
530525684
530525684
530525684
530525684
530525684
530525684
530525684
530525684
530525684
530525684
530525684
530525684
530525684
530525684
530525684
530525684
530525684
530525684
530525684
530525684
530525684
530525684
530525684
530525684
530525684
530525684
530525684
530525684
530525684
530525684
530525684
530525684
530525684
530525684
530525684
530525684
530525684
530525684
530525684
530525684
530525684
530525684
530525684
530525684
530525684
530525684
530525684
530525684
530525684
530525684
530525684
530525684
530525684
530525684
530525684
530525684
530525684
530525684
530525684
530525684
530525684
530525684
530525684
530525684
530525684
530525684
530525684
530525684
530525684
530525684
530525684
530525684
530525684
530525684
530525684
530525684
530525684
530525684
530525684
530525684
530525684
530525684
530525684
530525684
530525684
530525684
530525684
530525684
530525684
530525684
530525684
530525684
530525684
530525684
530525684
530525684
530525684
530525684
530525684
530525684
530525684
530525684
530525684
530525684
530525684
530525684
530525684
530525684
530525684
530525684
530525684
530525684
530525684
530525684
530525684
530525684
530525684
530525684
530525684
530525684
530525684
530525684
530525684
530525684
530525684
530525684
530525684
530525684
530525684
530525684
530525684
530525684
530525684
530525684
530525684
530525684
530525684
530525684
530525684
530525684
530525684
530525684
530525684
530525684
530525684
530525684
530525684
530525684
530525684
530525684
530525684
530525684
530525684
530525684
530525684
530525684
530525684
530525684
530525684
530525684
530525684
530525684
530525684
530525684
530525684
530525684
530525684
530525684
530525684
530525684
530525684
530525684
530525684
530525684
530525684
530525684
530525684
530525684
530525684
530525684
530525684
530525684
530525684
530525684
530525684
530525684
530525684
530525684
530525684
530525684
530525684
530525684
530525684
530525684
530525684
530525684
530525684
530525684
530525684
530525684
530525684
530525684
530525684
530525684
530525684
530525684
530525684
530525684
530525684
530525684
530525684
530525684
530525684
530525684
530525684
530525684
530525684
530525684
530525684
530525684
530525684
530525684
530525684
530525684
530525684
530525684
530525684
530525684
530525684
530525684
530525684
530525684
530525684
530525684
530525684
530525684
530525684
530525684
530525684
530525684
530525684
530525684
530525684
530525684
530525684
530525684
530525684
530525684
530525684
530525684
530525684
530525684
530525684
530525684
530525684
530525684
530525684
530525684
530525684
530525684
530525684
530525684
530525684
530525684
530525684
530525684
530525684
530525684
530525684
530525684
530525684
530525684
530525684
530525684
530525684
530525684
530525684
530525684
530525684
530525684
530525684
530525684
530525684
530525684
530525684
530525684
530525684
530525684
530525684
530525684
530525684
530525684
530525684
530525684
530525684
530525684
530525684
530525684
530525684
530525684
530525684
530525684
530525684
530525684
530525684
530525684
530525684
530525684
530525684
530525684
530525684
530525684
530525684
530525684
530525684
530525684
530525684
530525684
530525684
530525684
530525684
530525684
530525684
530525684
530525684
530525684
530525684
530525684
530525684
530525684
530525684
530525684
530525684
530525684
530525684
530525684
530525684
530525684
530525684
530525684
530525684
530525684
530525684
530525684
530525684
530525684
530525684
530525684
530525684
530525684
530525684
530525684
530525684
530525684
530525684
530525684
530525684
530525684
530525684
530525684
530525684
530525684
530525684
530525684
530525684
530525684
530525684
530525684
530525684
530525684
530525684
530525684
530525684
530525684
530525684
530525684
530525684
530525684
530525684
530525684
530525684
530525684
530525684
530525684
530525684
530525684
530525684
530525684
530525684
530525684
530525684
530525684
530525684
530525684
530525684
530525684
530525684
530525684
530525684
530525684
530525684
530525684
530525684
530525684
530525684
530525684
530525684
530525684
530525684
530525684
530525684
530525684
530525684
530525684
530525684
530525684
530525684
530525684
530525684
530525684
530525684
530525684
530525684
530525684
530525684
530525684
530525684
530525684
530525684
530525684
530525684
530525684
530525684
530525684
530525684
530525684
530525684
530525684
530525684
530525684
530525684
530525684
530525684
530525684
530525684
530525684
530525684
530525684
530525684
530525684
530525684
530525684
530525684
530525684
530525684
530525684
530525684
530525684
530525684
530525684
530525684
530525684
530525684
530525684
530525684
530525684
530525684
530525684
530525684
530525684
530525684
530525684
530525684
530525684
530525684
530525684
530525684
530525684
530525684
530525684
530525684
530525684
530525684
530525684
530525684
530525684
530525684
530525684
530525684
530525684
530525684
530525684
530525684
530525684
530525684
530525684
530525684
530525684
530525684
530525684
530525684
530525684
530525684
530525684
530525684
530525684
530525684
530525684
530525684
530525684
530525684
530525684
530525684
530525684
530525684
530525684
530525684
530525684
530525684
530525684
530525684
530525684
530525684
530525684
530525684
530525684
530525684
530525684
530525684
530525684
530525684
530525684
530525684
530525684
530525684
530525684
530525684
530525684
530525684
530525684
530525684
530525684
530525684
530525684
530525684
530525684
530525684
530525684
530525684
530525684
530525684
530525684
530525684
530525684
530525684
530525684
530525684
530525684
530525684
530525684
530525684
530525684
530525684
530525684
530525684
530525684
530525684
530525684
530525684
530525684
530525684
530525684
530525684
530525684
530525684
530525684
530525684
530525684
530525684
530525684
530525684
530525684
530525684
530525684
530525684
530525684
530525684
530525684
530525684
530525684
530525684
530525684
530525684
530525684
530525684
530525684
530525684
530525684
530525684
530525684
530525684
530525684
530525684
530525684
530525684
530525684
530525684
530525684
530525684
530525684
530525684
530525684
530525684
530525684
530525684
530525684
530525684
530525684
530525684
530525684
530525684
530525684
530525684
530525684
530525684
530525684
530525684
530525684
530525684
530525684
530525684
530525684
530525684
530525684
530525684
530525684
530525684
530525684
530525684
530525684
530525684
530525684
530525684
530525684
530525684
530525684
530525684
530525684
530525684
530525684
530525684
530525684
530525684
530525684
530525684
530525684
530525684
530525684
530525684
530525684
530525684
530525684
530525684
530525684
530525684
530525684
530525684
530525684
530525684
530525684
530525684
530525684
530525684
530525684
530525684
530525684
530525684
530525684
530525684
530525684
530525684
530525684
530525684
530525684
530525684
530525684
530525684
530525684
530525684
530525684
530525684
530525684
530525684
530525684
530525684
530525684
530525684
530525684
530525684
530525684
530525684
530525684
530525684
530525684
530525684
530525684
530525684
530525684
530525684
530525684
530525684
530525684
530525684
530525684
530525684
530525684
530525684
530525684
530525684
530525684
530525684
530525684
530525684
530525684
530525684
530525684
530525684
530525684
530525684
530525684
530525684
530525684
530525684
530525684
530525684
530525684
530525684
530525684
530525684
530525684
530525684
530525684
530525684
530525684
530525684
530525684
530525684
530525684
530525684
530525684
530525684
530525684
530525684
530525684
530525684
530525684
530525684
530525684
530525684
530525684
530525684
530525684
530525684
530525684
530525684
530525684
530525684
530525684
530525684
530525684
530525684
530525684
530525684
530525684
530525684
530525684
530525684
530525684
530525684
530525684
530525684
530525684
530525684
530525684
530525684
530525684
530525684
530525684
530525684
530525684
530525684
530525684
530525684
530525684
530525684
530525684
530525684
530525684
530525684
530525684
530525684
530525684
530525684
530525684
530525684
530525684
530525684
530525684
530525684
530525684
530525684
530525684
530525684
530525684
530525684
530525684
530525684
530525684
530525684
530525684
530525684
530525684
530525684
530525684
530525684
530525684
530525684
530525684
530525684
530525684
530525684
530525684
530525684
530525684
530525684
530525684
530525684
530525684
530525684
530525684
530525684
530525684
530525684
530525684
530525684
530525684
530525684
530525684
530525684
530525684
530525684
530525684
530525684
530525684
530525684
530525684
530525684
530525684
530525684
530525684
530525684
530525684
530525684
530525684
530525684
530525684
530525684
530525684
530525684
530525684
530525684
530525684
530525684
530525684
530525684
530525684
530525684
530525684
530525684
530525684
530525684
530525684
530525684
530525684
530525684
530525684
530525684
530525684
530525684
530525684
530525684
530525684
530525684
530525684
530525684
530525684
530525684
530525684
530525684
530525684
530525684
530525684
530525684
530525684
530525684
530525684
530525684
530525684
530525684
530525684
530525684
530525684
530525684
530525684
530525684
530525684
530525684
530525684
530525684
530525684
530525684
530525684
530525684
530525684
530525684
530525684
530525684
530525684
530525684
530525684
530525684
530525684
530525684
530525684
530525684
530525684
530525684
530525684
530525684
530525684
530525684
530525684
530525684
530525684
530525684
530525684
530525684
530525684
530525684
530525684
530525684
530525684
530525684
530525684
530525684
530525684
530525684
530525684
530525684
530525684
530525684
530525684
530525684
530525684
530525684
530525684
530525684
530525684
530525684
530525684
530525684
530525684
530525684
530525684
530525684
530525684
530525684
530525684
530525684
530525684
530525684
530525684
530525684
530525684
530525684
530525684
530525684
530525684
530525684
530525684
530525684
530525684
530525684
530525684
530525684
530525684
530525684
530525684
530525684
530525684
530525684
530525684
530525684
530525684
530525684
530525684
530525684
530525684
530525684
530525684
530525684
530525684
530525684
530525684
530525684
530525684
530525684
530525684
530525684
530525684
530525684
530525684
530525684
530525684
530525684
530525684
530525684
530525684
530525684
530525684
530525684
530525684
530525684
530525684
530525684
530525684
530525684
530525684
530525684
530525684
530525684
530525684
530525684
530525684
530525684
530525684
530525684
530525684
530525684
530525684
530525684
530525684
530525684
530525684
530525684
530525684
530525684
530525684
530525684
530525684
530525684
530525684
530525684
530525684
530525684
530525684
530525684
530525684
530525684
530525684
530525684
530525684
530525684
530525684
530525684
530525684
530525684
530525684
530525684
530525684
530525684
530525684
530525684
530525684
530525684
530525684
530525684
530525684
530525684
530525684
530525684
530525684
530525684
530525684
530525684
530525684
530525684
530525684
530525684
530525684
530525684
530525684
530525684
530525684
530525684
530525684
530525684
530525684
530525684
530525684
530525684
530525684
530525684
530525684
530525684
530525684
530525684
530525684
530525684
530525684
530525684
530525684
530525684
530525684
530525684
530525684
530525684
530525684
530525684
530525684
530525684
530525684
530525684
530525684
530525684
530525684
530525684
530525684
530525684
530525684
530525684
530525684
530525684
530525684
530525684
530525684
530525684
530525684
530525684
530525684
530525684
530525684
530525684
530525684
530525684
530525684
530525684
530525684
530525684
530525684
530525684
530525684
530525684
530525684
530525684
530525684
530525684
530525684
530525684
530525684
530525684
530525684
530525684
530525684
530525684
530525684
530525684
530525684
530525684
530525684
530525684
530525684
530525684
530525684
530525684
530525684
530525684
530525684
530525684
530525684
530525684
530525684
530525684
530525684
530525684
530525684
530525684
530525684
530525684
530525684
530525684
530525684
530525684
530525684
530525684
530525684
530525684
530525684
530525684
530525684
530525684
530525684
530525684
530525684
530525684
530525684
530525684
530525684
530525684
530525684
530525684
530525684
530525684
530525684
530525684
530525684
530525684
530525684
530525684
530525684
530525684
530525684
530525684
530525684
530525684
530525684
530525684
530525684
530525684
530525684
530525684
530525684
530525684
530525684
530525684
530525684
530525684
530525684
530525684
530525684
530525684
530525684
530525684
530525684
530525684
530525684
530525684
530525684
530525684
530525684
530525684
530525684
530525684
530525684
530525684
530525684
530525684
530525684
530525684
530525684
530525684
530525684
530525684
530525684
530525684
530525684
530525684
530525684
530525684
530525684
530525684
530525684
530525684
530525684
530525684
530525684
530525684
530525684
530525684
530525684
530525684
530525684
530525684
530525684
530525684
530525684
530525684
530525684
530525684
530525684
530525684
530525684
530525684
530525684
530525684
530525684
530525684
530525684
530525684
530525684
530525684
530525684
530525684
530525684
530525684
530525684
530525684
530525684
530525684
530525684
530525684
530525684
530525684
530525684
530525684
530525684
530525684
530525684
530525684
530525684
530525684
530525684
530525684
530525684
530525684
530525684
530525684
530525684
530525684
530525684
530525684
530525684
530525684
530525684
530525684
530525684
530525684
530525684
530525684
530525684
530525684
530525684
530525684
530525684
530525684
530525684
530525684
530525684
530525684
530525684
530525684
530525684
530525684
530525684
530525684
530525684
530525684
530525684
530525684
530525684
530525684
530525684
530525684
530525684
530525684
530525684
530525684
530525684
530525684
530525684
530525684
530525684
530525684
530525684
530525684
530525684
530525684
530525684
530525684
530525684
530525684
530525684
530525684
530525684
530525684
530525684
530525684
530525684
530525684
530525684
530525684
530525684
530525684
530525684
530525684
530525684
530525684
530525684
530525684
530525684
530525684
530525684
530525684
530525684
530525684
530525684
530525684
530525684
530525684
530525684
530525684
530525684
530525684
530525684
530525684
530525684
530525684
530525684
530525684
530525684
530525684
530525684
530525684
530525684
530525684
530525684
530525684
530525684
530525684
530525684
530525684
530525684
530525684
530525684
530525684
530525684
530525684
530525684
530525684
530525684
530525684
530525684
530525684
530525684
530525684
530525684
530525684
530525684
530525684
530525684
530525684
530525684
530525684
530525684
530525684
530525684
530525684
530525684
530525684
530525684
530525684
530525684
530525684
530525684
530525684
530525684
530525684
530525684
530525684
530525684
530525684
530525684
530525684
530525684
530525684
530525684
530525684
530525684
530525684
530525684
530525684
530525684
530525684
530525684
530525684
530525684
530525684
530525684
530525684
530525684
530525684
530525684
530525684
530525684
530525684
530525684
530525684
530525684
530525684
530525684
530525684
530525684
530525684
530525684
530525684
530525684
530525684
530525684
530525684
530525684
530525684
530525684
530525684
530525684
530525684
530525684
530525684
530525684
530525684
530525684
530525684
530525684
530525684
530525684
530525684
530525684
530525684
530525684
530525684
530525684
530525684
530525684
530525684
530525684
530525684
530525684
530525684
530525684
530525684
530525684
530525684
530525684
530525684
530525684
530525684
530525684
530525684
530525684
530525684
530525684
530525684
530525684
530525684
530525684
530525684
530525684
530525684
530525684
530525684
530525684
530525684
530525684
530525684
530525684
530525684
530525684
530525684
530525684
530525684
530525684
530525684
530525684
530525684
530525684
530525684
530525684
530525684
530525684
530525684
530525684
530525684
530525684
530525684
530525684
530525684
530525684
530525684
530525684
530525684
530525684
530525684
530525684
530525684
530525684
530525684
530525684
530525684
530525684
530525684
530525684
530525684
530525684
530525684
530525684
530525684
530525684
530525684
530525684
530525684
530525684
530525684
530525684
530525684
530525684
530525684
530525684
530525684
530525684
530525684
530525684
530525684
530525684
530525684
530525684
530525684
530525684
530525684
530525684
530525684
530525684
530525684
530525684
530525684
530525684
530525684
530525684
530525684
530525684
530525684
530525684
530525684
530525684
530525684
530525684
530525684
530525684
530525684
530525684
530525684
530525684
530525684
530525684
530525684
530525684
530525684
530525684
530525684
530525684
530525684
530525684
530525684
530525684
530525684
530525684
530525684
530525684
530525684
530525684
530525684
530525684
530525684
530525684
530525684
530525684
530525684
530525684
530525684
530525684
530525684
530525684
530525684
530525684
530525684
530525684
530525684
530525684
530525684
530525684
530525684
530525684
530525684
530525684
530525684
530525684
530525684
530525684
530525684
530525684
530525684
530525684
530525684
530525684
530525684
530525684
530525684
530525684
530525684
530525684
530525684
530525684
530525684
530525684
530525684
530525684
530525684
530525684
530525684
530525684
530525684
530525684
530525684
530525684
530525684
530525684
530525684
530525684
530525684
530525684
530525684
530525684
530525684
530525684
530525684
530525684
530525684
530525684
530525684
530525684
530525684
530525684
530525684
530525684
530525684
530525684
530525684
530525684
530525684
530525684
530525684
530525684
530525684
530525684
530525684
530525684
530525684
530525684
530525684
530525684
530525684
530525684
530525684
530525684
530525684
530525684
530525684
530525684
530525684
530525684
530525684
530525684
530525684
530525684
530525684
530525684
530525684
530525684
530525684
530525684
530525684
530525684
530525684
530525684
530525684
530525684
530525684
530525684
530525684
530525684
530525684
530525684
530525684
530525684
530525684
530525684
530525684
530525684
530525684
530525684
530525684
530525684
530525684
530525684
530525684
530525684
530525684
530525684
530525684
530525684
530525684
530525684
530525684
530525684
530525684
530525684
530525684
530525684
530525684
530525684
530525684
530525684
530525684
530525684
530525684
530525684
530525684
530525684
530525684
530525684
530525684
530525684
530525684
530525684
530525684
530525684
530525684
530525684
530525684
530525684
530525684
530525684
530525684
530525684
530525684
530525684
530525684
530525684
530525684
530525684
530525684
530525684
530525684
530525684
530525684
530525684
530525684
530525684
530525684
530525684
530525684
530525684
530525684
530525684
530525684
530525684
530525684
530525684
530525684
530525684
530525684
530525684
530525684
530525684
530525684
530525684
530525684
530525684
530525684
530525684
530525684
530525684
530525684
530525684
530525684
530525684
530525684
530525684
530525684
530525684
530525684
530525684
530525684
530525684
530525684
530525684
530525684
530525684
530525684
530525684
530525684
530525684
530525684
530525684
530525684
530525684
530525684
530525684
530525684
530525684
530525684
530525684
530525684
530525684
530525684
530525684
530525684
530525684
530525684
530525684
530525684
530525684
530525684
530525684
530525684
530525684
530525684
530525684
530525684
530525684
530525684
530525684
530525684
530525684
530525684
530525684
530525684
530525684
530525684
530525684
530525684
530525684
530525684
530525684
530525684
530525684
530525684
530525684
530525684
530525684
530525684
530525684
530525684
530525684
530525684
530525684
530525684
530525684
530525684
530525684
530525684
530525684
530525684
530525684
530525684
530525684
530525684
530525684
530525684
530525684
530525684
530525684
530525684
530525684
530525684
530525684
530525684
530525684
530525684
530525684
530525684
530525684
530525684
530525684
530525684
530525684
530525684
530525684
530525684
530525684
530525684
530525684
530525684
530525684
530525684
530525684
530525684
530525684
530525684
530525684
530525684
530525684
530525684
530525684
530525684
530525684
530525684
530525684
530525684
530525684
530525684
530525684
530525684
530525684
530525684
530525684
530525684
530525684
530525684
530525684
530525684
530525684
530525684
530525684
530525684
530525684
530525684
530525684
530525684
530525684
530525684
530525684
530525684
530525684
530525684
530525684
530525684
530525684
530525684
530525684
530525684
530525684
530525684
530525684
530525684
530525684
530525684
530525684
530525684
530525684
530525684
530525684
530525684
530525684
530525684
530525684
530525684
530525684
530525684
530525684
530525684
530525684
530525684
530525684
530525684
530525684
530525684
530525684
530525684
530525684
530525684
530525684
530525684
530525684
530525684
530525684
530525684
530525684
530525684
530525684
530525684
530525684
530525684
530525684
530525684
530525684
530525684
530525684
530525684
530525684
530525684
530525684
530525684
530525684
530525684
530525684
530525684
530525684
530525684
530525684
530525684
530525684
530525684
530525684
530525684
530525684
530525684
530525684
530525684
530525684
530525684
530525684
530525684
530525684
530525684
530525684
530525684
530525684
530525684
530525684
530525684
530525684
530525684
530525684
530525684
530525684
530525684
530525684
530525684
530525684
530525684
530525684
530525684
530525684
530525684
530525684
530525684
530525684
530525684
530525684
530525684
530525684
530525684
530525684
530525684
530525684
530525684
530525684
530525684
530525684
530525684
530525684
530525684
530525684
530525684
530525684
530525684
530525684
530525684
530525684
530525684
530525684
530525684
530525684
530525684
530525684
530525684
530525684
530525684
530525684
530525684
530525684
530525684
530525684
530525684
530525684
530525684
530525684
530525684
530525684
530525684
530525684
530525684
530525684
530525684
530525684
530525684
530525684
530525684
530525684
530525684
530525684
530525684
530525684
530525684
530525684
530525684
530525684
530525684
530525684
530525684
530525684
530525684
530525684
530525684
530525684
530525684
530525684
530525684
530525684
530525684
530525684
530525684
530525684
530525684
530525684
530525684
530525684
530525684
530525684
530525684
530525684
530525684
530525684
530525684
530525684
530525684
530525684
530525684
530525684
530525684
530525684
530525684
530525684
530525684
530525684
530525684
530525684
530525684
530525684
530525684
530525684
530525684
530525684
530525684
530525684
530525684
530525684
530525684
530525684
530525684
530525684
530525684
530525684
530525684
530525684
530525684
530525684
530525684
530525684
530525684
530525684
530525684
530525684
530525684
530525684
530525684
530525684
530525684
530525684
530525684
530525684
530525684
530525684
530525684
530525684
530525684
530525684
530525684
530525684
530525684
530525684
530525684
530525684
530525684
530525684
530525684
530525684
530525684
530525684
530525684
530525684
530525684
530525684
530525684
530525684
530525684
530525684
530525684
530525684
530525684
530525684
530525684
530525684
530525684
530525684
530525684
530525684
530525684
530525684
530525684
530525684
530525684
530525684
530525684
530525684
530525684
530525684
530525684
530525684
530525684
530525684
530525684
530525684
530525684
530525684
530525684
530525684
530525684
530525684
530525684
530525684
530525684
530525684
530525684
530525684
530525684
530525684
530525684
530525684
530525684
530525684
530525684
530525684
530525684
530525684
530525684
530525684
530525684
530525684
530525684
530525684
530525684
530525684
530525684
530525684
530525684
530525684
530525684
530525684
530525684
530525684
530525684
530525684
530525684
530525684
530525684
530525684
530525684
530525684
530525684
530525684
530525684
530525684
530525684
530525684
530525684
530525684
530525684
530525684
530525684
530525684
530525684
530525684
530525684
530525684
530525684
530525684
530525684
530525684
530525684
530525684
530525684
530525684
530525684
530525684
530525684
530525684
530525684
530525684
530525684
530525684
530525684
530525684
530525684
530525684
530525684
530525684
530525684
530525684
530525684
530525684
530525684
530525684
530525684
530525684
530525684
530525684
530525684
530525684
530525684
530525684
530525684
530525684
530525684
530525684
530525684
530525684
530525684
530525684
530525684
530525684
530525684
530525684
530525684
530525684
530525684
530525684
530525684
530525684
530525684
530525684
530525684
530525684
530525684
530525684
530525684
530525684
530525684
530525684
530525684
530525684
530525684
530525684
530525684
530525684
530525684
530525684
530525684
530525684
530525684
530525684
530525684
530525684
530525684
530525684
530525684
530525684
530525684
530525684
530525684
530525684
530525684
530525684
530525684
530525684
530525684
530525684
530525684
530525684
530525684
530525684
530525684
530525684
530525684
530525684
530525684
530525684
530525684
530525684
530525684
530525684
530525684
530525684
530525684
530525684
530525684
530525684
530525684
530525684
530525684
530525684
530525684
530525684
530525684
530525684
530525684
530525684
530525684
530525684
530525684
530525684
530525684
530525684
530525684
530525684
530525684
530525684
530525684
530525684
530525684
530525684
530525684
530525684
530525684
530525684
530525684
530525684
530525684
530525684
530525684
530525684
530525684
530525684
530525684
530525684
530525684
530525684
530525684
530525684
530525684
530525684
530525684
530525684
530525684
530525684
530525684
530525684
530525684
530525684
530525684
530525684
530525684
530525684
530525684
530525684
530525684
530525684
530525684
530525684
530525684
530525684
530525684
530525684
530525684
530525684
530525684
530525684
530525684
530525684
530525684
530525684
530525684
530525684
530525684
530525684
530525684
530525684
530525684
530525684
530525684
530525684
530525684
530525684
530525684
530525684
530525684
530525684
530525684
530525684
530525684
530525684
530525684
530525684
530525684
530525684
530525684
530525684
530525684
530525684
530525684
530525684
530525684
530525684
530525684
530525684
530525684
530525684
530525684
530525684
530525684
530525684
530525684
530525684
530525684
530525684
530525684
530525684
530525684
530525684
530525684
530525684
530525684
530525684
530525684
530525684
530525684
530525684
530525684
530525684
530525684
530525684
530525684
530525684
530525684
530525684
530525684
530525684
530525684
530525684
530525684
530525684
530525684
530525684
530525684
530525684
530525684
530525684
530525684
530525684
530525684
530525684
530525684
530525684
530525684
530525684
530525684
530525684
530525684
530525684
530525684
530525684
530525684
530525684
