500
72955 20951
81397 28858
775578 388660
343669 59004
735457 365543
172976 141671
808834 711949
58531 11829
266486 112403
510087 330060
237634 93858
770449 695697
51954 30402
289436 145156
703195 545464
616883 98989
679108 635769
700370 584864
600255 533632
492655 406300
798188 314521
547842 337704
672600 202429
587825 346492
832663 628879
883683 604564
366438 285537
943398 373407
264877 81399
148465 118002
268872 104305
30615 9918
665893 427695
386303 161049
920431 750749
132974 91767
206661 56218
439063 262450
987395 749979
967802 508534
251058 240042
617741 455585
979323 106969
895619 75336
265322 89362
750437 682843
582078 69684
278884 1753
8428 3848
692290 489634
550137 536274
422854 189271
75149 38125
978706 18584
707576 171850
746594 129213
498833 7872
731988 131099
976773 73816
835457 474933
420769 419292
198418 188285
51810 6244
215755 174431
887159 308718
247182 8599
713745 381960
340770 300498
208709 203290
687512 635460
446282 260275
431375 7641
994679 427665
398532 110335
934920 400429
566002 273552
336828 197451
828041 766939
127072 79906
294715 11402
888834 728662
595256 557532
90960 52715
126963 22902
88521 63843
253348 127266
85272 83975
492500 117572
766648 381646
706967 589994
302267 143334
20565 14146
818183 289570
319576 89216
770385 459597
443284 283272
472475 162452
744110 591998
524737 279878
731573 684781
490962 351488
209367 139655
610429 440265
166630 82763
432541 303522
798405 369705
43154 19003
595398 178372
58863 31389
867781 74515
457152 226370
7675 4820
653830 570841
663439 400778
721992 715030
614568 247030
239939 198102
24401 20415
496113 224871
458279 39025
610043 78227
296829 226850
729178 101019
895745 557627
400171 162847
92802 27627
586551 561347
500514 34145
444483 295744
342418 153853
35985 30359
418796 271894
683056 48811
450203 337183
832055 125358
744889 266641
571199 489919
236412 114984
491870 95034
763974 700990
772041 673546
342242 152546
757403 617221
453156 175330
270028 49657
708479 550104
577494 213026
963294 387637
255983 209093
849163 217771
533313 395883
546360 218890
349117 120201
130904 60958
941244 732462
654853 70780
861261 539207
973311 147773
394323 74893
130226 22430
239820 148874
974364 757688
473550 473315
787508 281950
379914 219834
666852 176176
390900 19768
971880 260359
389439 10448
779632 566209
736687 628820
866872 858921
543564 187351
37287 11279
963956 801218
600934 102498
456633 352135
754058 749568
184039 109629
587507 161201
790479 203047
88853 47810
491893 187911
147204 51643
162598 23039
195587 133885
935821 258616
160998 40562
641027 159084
420742 49826
830241 578188
976782 692304
869018 702057
640764 56457
22133 6101
298064 261312
557881 227104
324925 290939
46382 22181
459803 58603
197677 153018
892508 476530
958335 79213
243058 124252
613987 539529
856261 438222
813973 57660
555218 543354
568535 308356
465979 5144
112834 50264
433238 230502
50380 16461
760383 244521
906116 505794
767391 490345
161063 1678
289793 76566
826066 670923
530098 49580
704636 483506
930777 562629
799915 772584
558773 556200
810729 616421
961361 292094
437593 185342
725546 256927
104777 38171
976720 514755
373635 171967
671842 307970
182713 52445
322398 228213
131002 10988
506137 389942
350668 46888
190137 162679
862100 479057
76826 71753
222339 13155
141348 15189
316214 174664
102544 65602
683607 540962
374306 290829
667580 252908
877137 783501
893765 493568
660755 198589
33763 31034
487913 110658
85283 16956
616029 250476
83869 55574
837603 309809
825020 359438
824408 540686
821089 136550
641994 46677
986820 844969
948527 900827
182726 121577
424250 364561
698787 238202
61508 31257
825234 280682
812592 371527
979518 977945
4440 3303
897843 665391
225712 113308
430879 77659
219039 58367
781515 660931
211476 197256
960768 856263
834770 576298
147810 135629
266611 67281
750906 163323
66527 10220
13157 6273
973972 838855
217490 98834
696447 423298
548408 296130
448963 387394
720639 472055
447255 170931
416521 177628
287996 169887
827051 178754
322449 304967
562000 437884
387304 16413
995408 462159
56541 55545
439856 407190
369647 116737
946910 705573
907807 890888
376231 15157
298355 228793
647310 556376
836363 603542
658212 634163
422921 311583
771573 186409
303274 290176
707177 547196
510152 104218
352123 170873
331072 258836
673175 381103
786085 152306
936952 526964
821462 657409
769417 384681
66485 29341
444574 397782
218943 216479
829270 587226
610164 13148
728494 216602
85915 64914
951486 433130
846147 385254
259830 86198
724749 226501
518416 428870
641725 197168
156157 46878
406290 155374
61437 42202
685329 102271
734605 157531
217765 42512
803307 49207
182369 37290
106212 43566
56364 15258
997211 269531
240613 35163
642062 600928
675295 285255
62527 36806
612412 390169
899166 866978
289747 64119
812438 270363
660599 396333
943815 410781
981412 480033
378305 248953
33147 30500
759912 350279
828796 116395
888566 389091
531152 433617
510417 190595
593089 36815
841320 233603
518796 367021
201394 59452
33389 16563
165359 21457
575109 9764
110820 84654
512281 344670
767262 670245
188053 33980
513932 24364
320477 152738
44498 6181
667093 455174
361085 63474
333299 36386
204655 179706
952507 505746
405822 380407
308384 250069
417959 13467
337723 222126
480409 72621
607562 297914
915049 164166
951496 598224
868509 91315
596324 239856
828982 633747
249022 46206
265235 88233
365612 210444
392502 323946
263500 23703
78342 49719
519408 53827
785469 468291
141516 100112
181668 149566
237439 9898
174886 7643
253526 240664
534993 239578
843814 89795
130324 63620
198933 115604
724942 688873
168971 51782
528224 128934
889977 165355
962321 86227
681491 607737
469668 245860
946771 529706
172811 22455
511972 67810
456138 33495
780116 394859
229794 138885
457343 291706
56184 44458
913114 15841
739919 310406
201741 13958
452592 160627
979828 196667
419615 81660
61563 46002
207230 26783
666958 180280
325161 300400
698899 567949
559749 443761
172967 97310
45712 16620
899476 116519
11982 3199
506554 207976
78956 17455
137557 119670
446786 191479
12222 4580
341002 326932
800186 635395
399272 254444
180896 135211
719409 210198
621845 542418
382763 377089
338597 187858
105157 73071
148067 135790
320019 190263
145517 71077
324895 11792
837236 478296
889456 233567
413173 29990
570563 362100
960088 896243
551976 446019
560517 12039
485045 171828
604629 208767
675332 53058
693442 136513
608707 419795
475809 262934
738707 261110
721653 169827
11821 2418
806539 745230
666281 604604
787942 713373
104412 5559
999693 877371
359212 247775
308423 193019
401807 157653
125922 69590
715884 646273
136639 37606
286605 235197
202198 157844
748972 113609
350735 318563
541699 464945
152573 31342
964473 6061
278339 85356
578979 97477
978199 206982
37432 12318
213817 202619
909749 835134
973018 671316
307656 246815
418068 72183
