1000
814969 708715
87510 70599
991267 186428
978188 826117
434167 192832
773213 33036
953040 614919
220034 134685
733129 644295
144211 37469
55795 44269
446981 413842
818702 786530
953061 38613
201448 158782
936812 399789
397754 48347
363264 97526
651432 165285
201486 6324
234731 164963
966153 174349
977777 46458
792879 216737
471701 312044
384237 241554
582924 188268
573670 555436
986231 363660
819819 338667
183985 105980
813198 4094
419234 17160
832481 514173
843227 311010
427036 129826
621796 466437
628436 165231
34547 24414
464989 297440
224244 150373
100095 19455
800778 378504
327436 166739
210831 96732
871632 264780
450346 88476
319243 33444
551356 463240
497859 36647
865331 369477
97668 65345
996343 906130
756091 715495
653674 246773
965630 82395
385049 124471
82621 17126
455981 359387
101458 59321
521801 136140
229900 174026
288134 115206
743502 52504
288919 222350
683864 665605
300537 196176
612057 186923
685212 486159
956485 650504
462184 44682
393705 96675
493434 99899
406386 117885
541061 389657
81243 27311
807509 250701
117071 71736
46290 5159
93952 28584
722705 664100
519244 315177
170577 95140
153643 44049
859821 282655
49230 16661
52460 49183
551593 257276
204388 117041
898408 820314
918221 724755
452210 412561
973009 814567
269006 157780
111309 80268
420687 255493
892642 723153
46841 32034
168547 134526
794163 400603
269094 115896
443761 267098
937538 898431
33398 8012
684640 319244
441437 236940
537965 144532
34119 28514
657043 213830
18305 5683
12040 5372
440724 76670
432952 27649
80415 50734
26672 865
879355 57951
525846 389577
222610 71041
732280 497726
677994 609046
850853 147491
874428 245155
56616 43904
439660 421529
553998 299643
797975 135575
328421 157995
282107 4076
803004 445478
496320 467397
703518 397763
58037 42515
404489 41755
366929 17828
846650 413124
749738 424269
273928 151756
731197 26284
899086 627326
47113 27361
503368 308915
381054 9110
104366 7655
739074 93981
944433 372182
776482 161588
240881 219466
593218 215122
183284 140898
272854 264831
271682 219071
562942 245282
618741 2921
891252 333543
68566 36938
425969 423688
605884 494751
115790 46260
843207 602688
640346 27798
155236 20637
565065 41568
677261 543516
665044 152693
589061 487655
352647 157061
160405 25080
907724 628674
546716 70127
303770 113401
503241 204499
228844 63944
119231 17930
35351 26413
854686 12191
260772 114982
901352 764053
759390 478570
314597 203351
627880 414295
899158 667
51293 35378
66607 30994
998781 16700
447365 274151
863639 183352
534504 244620
689669 91971
130416 53007
835735 521557
937448 633931
814478 138914
155670 30107
607177 263439
271703 267855
778912 167001
441687 36772
289050 91984
884487 119510
725628 456834
457851 65860
54082 21132
613264 84520
117753 39515
29881 1978
287440 46306
388984 177524
271866 77193
951202 322199
42185 22885
463065 281468
323440 134529
677701 426565
919159 68624
805627 479650
421216 336620
27961 19858
270124 119383
889064 317099
177292 122677
382191 349815
578335 527192
341045 80620
549830 55512
306630 148622
14384 6241
57184 31299
164030 31799
489685 282487
241910 7338
633848 506334
551649 375925
648186 192785
166486 54524
350154 13852
460886 25813
581158 172241
325623 63786
360415 223309
25302 16523
703011 406215
742453 320373
718995 343858
794609 263436
964239 815778
144650 98827
620411 16208
902770 821336
432760 297049
389330 179784
735690 11382
750041 412868
864542 30794
490567 21200
647626 366733
97647 21195
955933 615988
358641 322653
109582 18606
670199 427087
443895 48987
929087 233297
571609 430227
523586 209864
253929 250621
868983 816286
231410 84521
573582 337637
772368 603968
981255 27495
395043 213367
284777 168150
566508 534947
248796 103468
364423 216971
204345 96255
594292 447264
949746 52247
282159 38200
684224 190711
707882 511103
400109 261079
345793 268412
889728 20526
551742 418508
226740 206108
295585 199676
449485 53904
378067 48367
979794 876606
686588 223468
519311 274371
375704 6143
864734 840940
390956 177685
86527 77007
610363 80833
313891 191021
725986 654971
875028 383834
243476 217471
183693 70942
61254 7900
303751 187734
3459 2368
521103 155039
481726 307439
587484 99420
965960 671722
970394 776822
984206 650537
804479 424813
935590 440990
287848 222444
588800 215439
122027 42143
237782 10856
185775 65540
957710 321110
708186 610290
367799 167383
769038 108361
946574 395640
418640 359368
484183 275859
10026 4958
17210 6402
506893 181564
529478 180620
1290 37
721266 1396
384770 291508
990079 713316
400873 381012
163643 80841
834953 217223
55747 54794
731731 580066
550411 200577
291371 14453
314206 278356
550507 205386
255351 39980
68656 50891
409516 117348
719862 384984
742122 674821
491988 450897
334876 253117
549551 498511
459353 113810
380087 108324
858246 227498
963931 142673
671086 644264
628481 221397
712229 558657
240975 79834
967118 162792
173085 28279
470636 266268
995172 641286
636989 481603
566764 502055
639724 37997
942400 102159
793555 52699
434060 176544
680505 631173
574052 226482
274777 215161
34762 5404
898318 24159
864298 255916
625558 47997
442953 303450
655756 655722
173887 117055
985824 60547
675188 640917
809835 425170
259583 204158
478868 332667
55156 54890
200965 93037
34068 17794
261618 48836
450084 380792
445469 290306
193018 74544
893003 608900
188318 182872
335689 112937
902192 326951
830834 732638
649002 407350
264940 174476
541056 336216
216899 188699
38406 21250
4156 1011
978918 705569
312764 149390
625293 40064
335211 30320
328026 1228
128453 87278
698297 149199
431518 322441
753175 267531
24674 5554
117929 117119
176159 172086
565754 299407
172224 14636
864940 768041
583979 301494
799454 429592
904521 578523
341229 232067
44274 11757
967888 76430
927511 611269
179165 85668
322245 301524
431848 45154
823140 557751
251260 202388
137331 43755
718946 31823
645774 413505
397484 166329
564838 485551
852582 822886
408941 17959
850439 178922
91538 3839
327625 282134
253029 23286
33961 31831
403674 12333
997141 986095
862389 150996
543048 220201
454635 147477
774521 12643
241064 39791
975582 199419
744061 335937
606508 120594
180406 13327
563504 400352
131302 39827
264184 153724
840277 408177
804212 761424
502508 233382
43315 22188
123479 57414
952972 837063
210990 201276
534116 95320
966987 874520
324056 282957
334169 79469
755693 350565
795056 247331
458946 271244
417964 394829
35742 20827
487450 163803
915994 480333
188020 37654
885289 531102
166507 39861
906670 100277
963789 294586
692246 372813
449178 84535
984611 149977
158813 6639
938976 697183
496278 73088
34923 26628
647369 566754
143528 106463
457300 54433
913306 718087
355711 232675
363661 134930
709244 591322
205889 51904
540420 71941
838056 356335
501766 349786
942986 647505
187967 79276
370713 26607
877080 431162
450106 246702
