3000
644272 354949
781815 500458
273728 254008
996419 672625
722144 67433
529068 356811
88618 27275
963244 639223
227412 176058
808103 21765
692694 60394
139738 43604
853387 82234
465938 199532
243743 150115
933735 130295
60598 53823
571057 121540
877650 338083
488255 80278
475977 12194
59190 36106
666792 169427
831470 70582
642282 76830
270068 71468
444602 341907
34845 19443
788039 20234
896926 324208
376999 143799
64678 28103
500901 96278
920198 671635
868442 810406
340928 17123
318 26
732092 605944
853623 515803
280576 139694
67187 34089
79146 75622
86023 42511
354018 223791
458926 159004
911520 301231
120344 11940
166810 48503
453919 449040
301701 262804
384667 258535
717131 548490
60972 44921
81781 79912
733172 582024
760761 298255
329125 215025
208512 121516
206522 38071
31177 27774
787729 668395
586621 54788
790841 560403
368510 127503
674922 345276
4119 3220
73468 41
253437 156885
564665 84303
674657 359391
863808 553936
65986 58711
419210 372545
930465 8726
17800 9774
946020 171194
981130 179986
302255 178417
645270 558014
793455 219893
678920 207378
47130 22761
646502 613612
96228 1421
97626 50813
108754 83517
659931 145299
970812 536904
859783 498188
888747 180093
503129 142216
934491 123518
25351 1363
527803 193124
4586 2734
709913 441779
781237 480486
488381 8853
754945 55887
703534 300294
343716 292651
635837 428967
876822 439936
292277 147587
836012 382998
152509 47027
295036 247208
754414 637856
974741 316189
705350 639346
341956 95295
240619 30089
847679 428065
435170 432964
815060 701251
648261 534500
47826 39954
193314 11059
598758 517574
225672 213476
991298 988500
829196 97115
970482 181756
381332 128122
708051 518739
621258 193694
765194 685984
794460 271457
898201 575639
806827 735867
503805 324197
440531 229260
816900 633406
158727 46215
754750 445486
700245 585016
477902 435590
768394 626583
978967 908331
720239 450044
575357 197276
917567 13887
738236 555624
708159 228852
339007 75902
952155 430827
305056 10388
649072 188250
451353 74804
34228 25274
897718 427914
861916 717215
786976 98889
54161 38608
952981 457547
58471 27712
12830 11328
562692 56570
316561 250589
410105 129621
372697 27330
710707 407113
347858 268415
88822 61739
805747 318824
516342 254490
851496 80469
349995 325681
32487 1815
727500 141957
966393 388176
616406 473526
869228 358611
784053 74259
237744 103393
148777 108513
370401 281752
817090 359677
8135 4112
952185 541456
968120 723203
98692 71875
700087 137629
502966 437526
906545 136641
434891 347439
941563 261233
390101 103844
716183 258698
329742 4691
808157 538275
71898 32930
640336 13817
82264 48302
726871 533925
177798 159121
314799 87020
104349 45487
239650 143650
52203 12066
611294 523880
42897 26853
567991 221469
266652 249764
666320 303400
637922 309274
162599 121949
287898 204457
408829 314595
162991 101537
951917 270466
969254 360456
812682 528489
660734 254319
884174 473265
145155 9644
794348 486682
67647 20348
565755 40652
626229 316782
729436 265687
598816 306561
53822 29795
851246 332141
249851 185497
549953 24617
511242 146136
80980 72632
670635 665985
218444 71427
591908 287759
210061 184490
165406 12279
146233 64345
94585 83956
784096 222980
629895 48623
478040 449609
782605 71486
608230 138127
879241 132461
738821 655422
400368 132479
712201 490932
814444 211423
755762 116597
210707 113658
28795 5128
601061 216056
423165 70041
311917 118953
439276 241393
95181 69216
751455 53983
840012 767129
396928 51464
303157 116170
484539 404516
445174 337927
593155 583471
935005 617541
787466 256331
98532 76412
187100 67261
612008 381650
968378 873926
306847 162670
200389 172394
160889 117011
299289 235455
689516 574892
928561 904940
733049 707415
664656 469877
550861 73362
310103 128502
402985 74947
907065 63981
847817 707138
90056 35060
755981 697623
328279 217071
352078 220036
24525 874
268812 201312
663288 44726
673551 115349
435171 323448
520465 480425
178440 164883
901260 241864
393274 62070
210467 29731
125509 100695
252659 92680
346008 146301
620257 59700
216916 57221
110006 21237
678311 52424
131833 105886
762607 489610
895893 440369
696851 577888
951513 906468
464556 165135
483522 177137
782601 703568
136808 74862
716258 275844
599665 19674
927185 344317
549434 204650
364273 159529
591410 504614
255059 43586
654167 443215
612443 376083
344180 6154
388315 162177
301369 15114
675589 187709
360131 131225
149352 89255
908978 54686
375284 92473
55842 33212
988812 615862
567477 184226
426884 233343
685084 658303
403490 301730
98124 97131
101032 60314
194572 58802
17457 14907
270490 88867
856982 670292
447626 104645
751002 367940
924485 913810
136137 103069
119330 46742
959306 253791
305140 126777
310024 43269
583316 544023
900155 347655
848981 425746
615674 231622
916438 446436
251887 13653
617242 587313
68177 60018
537411 200961
219002 41060
635887 551612
184110 106179
859276 37620
298769 116780
3045 105
670365 492109
338671 89789
807746 336098
324987 205925
80861 8775
173781 119337
348213 281951
730947 323704
44340 17413
496745 131862
445050 355340
662520 249505
41358 37733
322814 311962
528424 5277
988067 616360
668122 189997
310629 41130
757418 147362
249323 53018
874716 762719
584104 129817
343020 186086
990059 619646
909651 673293
353297 44391
60319 41438
362343 96685
518032 244787
641033 411431
543449 164919
35833 18941
623346 131016
576846 276056
903469 438034
15483 10869
157512 141573
842166 2897
545047 363281
699016 394758
572039 558148
90705 22072
573662 55936
441936 31336
798374 436262
880383 628313
814009 210811
475304 464123
763532 193035
896057 216313
999901 413430
289370 76428
773497 388979
3861 1132
332107 40377
71236 30493
365637 126308
120494 23679
925848 879455
317020 75181
286306 242571
97320 417
221450 28887
4177 2068
840083 468168
614884 604476
992048 554667
430333 811
417742 32851
116076 96384
342950 241957
921745 503297
258827 209733
517025 69487
682354 63017
180902 106095
525368 124635
561497 486845
325171 145037
638730 578423
291797 148414
29544 16978
408773 179436
624946 49238
27456 11206
793180 582301
174635 96378
331312 226129
442666 163529
27 23
278630 212943
597833 115294
430928 268498
249577 134571
478014 313775
920911 146624
86862 78967
279502 211725
322866 59253
645667 44110
139360 62377
25244 20190
704323 585722
425746 8602
784293 149299
296482 128005
738344 223890
730892 267197
549376 470515
789278 213012
918772 66182
916572 909231
536 225
8257 5170
890246 642700
217488 129401
779944 122332
630607 283531
166723 92238
26177 25242
933878 261826
843725 770656
974277 684484
267431 149625
87331 73604
890104 259861
740738 516356
670595 647067
767174 486876
373749 69115
761706 414977
325698 143728
709311 20199
546169 444523
867730 846670
314044 53118
214851 84410
717709 372119
100181 20262
