5000
887183 288378
253575 4548
530427 378902
51810 33554
891905 436709
425065 20006
946905 849895
824676 187891
380411 374494
746711 454532
497851 24203
286590 55648
724330 555896
822669 256540
382745 129461
661510 589628
316329 173536
746591 138039
111691 102517
311510 270281
972297 821386
601625 374797
979892 676798
962357 606123
554146 412824
286308 246908
292331 90250
952934 209280
770605 175278
538944 484579
100907 94046
101946 14833
309498 240153
564043 476664
151358 43334
637664 444792
522745 490942
746233 225875
882694 69350
801319 273279
470676 159938
352322 97233
749435 244414
611375 478854
962228 186307
941120 775384
914885 228746
135941 110806
835094 173091
646569 312829
112329 19232
679955 159419
486948 448932
206112 154391
304733 269947
397378 238530
536964 321776
66410 32358
754460 717338
703231 48382
976300 612497
869854 821510
121577 93920
143766 133178
326748 188768
776993 128976
196237 10179
419184 180681
671224 349178
920474 879575
455411 315216
724328 34414
13155 704
224325 77805
112579 18879
491553 84340
153260 29824
146505 130152
226256 47918
795049 192410
871717 717531
271959 112679
905704 416012
56760 34436
542089 217648
47729 2381
511913 355979
779240 310090
883122 738762
411815 284564
611166 122608
509797 225607
759039 78807
289444 170438
947131 130293
523385 376174
515354 373648
692662 644973
815109 535899
425860 367202
292200 236481
152618 79759
642390 287374
258863 64496
134956 121224
125521 24050
617266 499088
358450 225295
697149 87662
825656 33161
594207 65189
143832 126380
169891 29269
602274 578480
222492 108732
22351 20927
400523 392501
796197 728500
982642 786857
773401 710284
867698 780715
789268 645772
593457 448542
946394 161659
901851 496371
522157 456274
770143 296507
349905 306891
969898 617967
810484 194884
593224 69291
410162 362722
799058 272896
493198 241797
868173 78653
808001 244535
824812 686942
665022 116832
496321 152788
758506 653775
634544 444445
25620 11502
764486 132594
645564 55492
376749 298635
435010 188485
251187 199711
638616 6806
926714 153064
705608 217821
944649 489184
137462 105292
30475 10586
584753 138631
486922 155292
581183 221919
892640 789601
794543 305421
821350 256788
212460 197755
57308 53592
352348 60873
750365 591500
845679 390352
503753 262867
622519 592911
650739 634538
189659 124169
934643 336604
208753 112643
103733 61714
672250 339124
615853 399122
378324 88270
745387 471384
291338 119258
330971 150122
434556 425256
924458 866500
240534 211145
475819 43536
604939 32113
716006 292556
117378 4328
893112 104443
182289 144701
229810 85326
540678 490437
677233 92144
755090 751853
244939 143407
591732 90169
688167 265076
783880 319334
129342 20093
34450 11549
936153 116090
74596 47691
466772 124280
901325 618769
142530 79918
508562 495823
161289 88292
731697 264531
525570 312032
694124 578266
496542 467938
236221 160447
435602 336127
677047 203493
846276 621997
249411 64266
875565 529915
805176 261995
548434 133944
946883 414784
651809 504553
576318 413875
728140 336100
278869 59595
444192 258492
630533 17661
325570 163194
572912 110158
873983 846552
428592 383705
871380 601902
123392 10748
735141 230832
563804 253269
917285 861137
875729 745949
431436 354969
602783 355206
447957 339136
848778 492818
838638 564811
468285 176010
472056 234146
148377 54090
788511 132669
945051 661363
104932 23521
661772 10220
171620 97566
81304 24938
110646 95479
63700 20506
736119 13421
578183 448622
869828 553603
985506 501873
345207 227268
738183 737563
877817 265169
597163 124034
396269 321878
506785 318166
623001 422783
319919 277050
88628 66899
347203 290875
453454 356162
967116 2793
335691 46996
229177 151292
643497 59500
675949 146070
278284 21096
243485 198406
244559 149875
461523 403166
635998 506565
23328 19174
805211 716334
992980 974770
190649 37723
642868 450853
643211 299182
722775 561282
796030 472663
973179 302609
731030 309226
204162 127118
239324 214883
93435 25746
872240 815887
225782 78404
214431 117388
490134 459084
372014 1429
511818 432589
297868 167936
468850 322726
198022 23899
108023 65291
754935 305781
952913 574669
453766 108203
493626 149571
809506 2709
72763 6658
75478 16643
43009 2843
320187 45843
244244 128606
484145 392807
318243 73486
122952 95998
633852 612167
255928 211641
27888 3205
81397 61029
827184 498841
554115 420861
762546 498315
32453 23217
837507 273243
411078 12460
502195 346146
478607 45577
128955 113534
967527 348228
47491 30649
926400 318293
546529 521633
451521 88987
987062 227312
117922 93669
460308 124915
809968 517646
553594 535443
419136 64063
573296 23482
819458 762775
405504 57578
654506 511693
148828 131521
955429 108693
446409 184844
759009 568214
573558 353499
3513 2987
199287 112860
777681 744649
959973 441403
188632 3003
40255 15257
598742 14273
827703 820872
419581 219814
228676 70177
47671 38942
536642 52361
893363 619885
31516 21048
969431 107050
538168 233223
514787 474228
767765 134235
674364 340261
295458 61239
808272 291497
58803 16486
867653 16204
744973 370868
741572 5362
55484 4314
71963 57583
955130 691232
587864 569312
460932 193940
807805 133087
776425 46082
251718 63771
343960 246737
135996 34126
800479 762536
543512 340763
188540 131937
228514 207666
807932 78541
144500 135270
477233 363521
504037 271909
630509 135923
926616 857248
247053 182041
770088 690420
716020 167188
829508 720577
288914 89366
243573 224172
147405 86247
970825 787114
668905 219016
900214 709344
923430 150076
24835 7228
51593 50975
411495 278244
868354 679741
994100 682470
250811 59404
438169 254213
134915 82332
59810 47245
965838 516629
133067 67675
327346 290416
818025 366301
545065 447815
246536 24590
476883 153563
90515 27743
327011 155746
150947 133899
439607 103010
686496 121397
435468 105044
571977 387824
119594 43220
774035 114599
944984 59337
763173 292203
818756 475605
78125 7133
82881 68087
168746 132610
850079 361538
506047 302497
712663 681368
750300 157766
986412 548137
111318 62570
293400 23228
708449 105216
452066 171880
509899 193001
741959 724316
99741 52400
914087 544095
63358 4892
558011 433764
695018 76739
178923 48400
859350 223564
535090 380490
183049 104959
643472 171286
95059 9125
534767 126172
24292 16836
10261 8526
740301 36334
756294 733455
98678 82189
44849 24400
499994 234925
979847 730241
119064 115618
345041 149974
66037 32092
788969 706599
807920 414921
473045 45860
816892 194994
657273 421060
270344 213745
134376 102858
80857 9573
933560 521156
769698 574377
12633 8739
886093 604238
827903 308903
850576 226728
227627 9362
24919 7424
919542 286946
819342 291529
607293 511738
594225 326116
468729 85580
783206 303810
779066 197150
751254 43886
832917 544967
959129 879101
158853 32384
689012 656613
298014 205583
453601 260724
716558 639874
752361 119325
356470 102409
783096 117580
259335 11428
220420 58695
187861 101197
