1000
10
129 346 346 18 253 124 266 465 206 40 
10
410 40 166 342 423 475 319 265 303 373 
10
91 375 461 327 124 353 427 400 7 429 
10
279 252 413 310 343 148 206 285 270 121 
10
321 492 19 443 292 311 334 271 294 310 
10
237 355 43 102 142 329 284 25 171 300 
10
316 136 84 17 500 134 320 245 371 46 
10
12 9 21 88 409 29 99 227 196 450 
10
6 175 305 489 488 171 391 47 131 97 
10
180 283 253 373 296 345 300 288 222 86 
10
395 304 358 253 220 398 36 318 306 115 
10
406 63 275 73 128 11 75 68 403 470 
10
288 226 223 217 394 53 419 73 106 311 
10
318 33 420 45 257 392 241 163 321 287 
10
142 405 148 77 305 248 451 197 496 484 
10
347 44 126 356 458 179 208 43 112 180 
10
360 141 66 197 199 247 44 385 455 312 
10
163 175 242 176 403 434 429 453 278 493 
10
45 93 314 476 284 459 164 298 412 483 
10
351 154 235 288 24 155 453 232 479 361 
10
93 232 231 340 182 168 406 14 78 430 
10
304 133 94 450 315 391 232 80 177 26 
10
126 195 310 162 488 332 156 220 341 175 
10
201 396 244 232 30 170 182 159 434 335 
10
292 371 218 249 445 65 411 366 190 393 
10
393 92 241 246 136 62 66 304 467 311 
10
412 170 145 453 247 442 417 290 142 261 
10
176 11 494 400 179 153 104 53 236 207 
10
259 217 145 107 469 201 379 431 410 140 
10
175 344 121 249 220 354 144 59 363 484 
10
468 461 488 396 353 360 166 97 261 285 
10
239 224 262 57 307 68 467 498 139 274 
10
442 101 120 6 131 231 137 409 215 53 
10
163 330 274 318 204 317 265 148 404 366 
10
180 412 394 355 122 457 31 278 234 9 
10
128 137 69 460 321 36 445 45 353 303 
10
380 327 19 125 52 245 391 341 481 342 
10
46 189 294 420 331 422 325 75 300 152 
10
30 152 349 102 121 429 346 373 412 393 
10
329 497 228 93 444 213 8 279 110 321 
10
441 485 172 181 451 452 133 76 437 406 
10
2 175 64 238 208 350 378 3 340 475 
10
210 217 75 85 374 348 221 457 155 299 
10
72 104 417 4 255 114 43 163 166 264 
10
344 455 52 331 498 10 341 265 372 76 
10
309 180 234 140 384 440 120 91 117 356 
10
360 148 420 166 357 28 303 267 284 474 
10
110 432 292 209 348 305 227 188 161 283 
10
131 163 350 494 260 355 418 29 406 464 
10
11 221 259 487 45 141 355 433 52 243 
10
348 173 418 233 148 103 294 41 489 188 
10
293 244 241 142 162 85 456 241 178 299 
10
8 370 473 224 380 295 18 312 253 133 
10
293 492 378 265 462 424 458 384 322 352 
10
56 130 473 466 75 104 261 7 173 136 
10
373 104 265 138 398 212 325 162 154 480 
10
244 390 321 340 311 136 472 448 379 111 
10
144 385 56 346 420 294 274 288 334 383 
10
191 49 77 89 418 85 279 422 309 362 
10
73 171 345 211 20 78 284 248 97 499 
10
161 234 243 417 215 127 162 337 177 171 
10
219 449 469 329 285 287 77 431 189 32 
10
347 294 446 328 405 471 91 267 308 112 
10
133 160 170 392 301 260 133 225 335 320 
10
234 34 97 255 483 91 490 45 179 386 
10
10 29 292 353 289 482 241 165 222 88 
10
95 442 139 76 332 433 202 303 276 25 
10
15 13 429 355 11 31 98 63 17 84 
10
460 410 343 337 443 212 233 161 345 336 
10
204 432 385 50 155 215 469 265 239 33 
10
383 470 108 226 167 229 471 472 167 369 
10
50 37 240 387 307 21 124 486 16 29 
10
296 287 466 117 271 346 400 368 85 166 
10
301 429 233 302 80 424 434 27 422 8 
10
96 338 338 4 225 337 341 184 290 153 
10
478 371 29 201 147 133 445 372 100 175 
10
103 375 408 286 344 104 263 123 7 332 
10
143 283 153 4 381 230 282 68 322 178 
10
55 277 249 324 350 190 495 24 253 234 
10
185 412 470 411 189 125 498 125 293 176 
10
479 445 354 419 4 82 437 332 426 262 
10
67 210 247 118 241 20 234 474 26 27 
10
157 482 143 427 251 168 334 409 36 382 
10
406 476 74 215 390 491 407 27 159 409 
10
116 267 342 207 42 166 220 214 338 13 
10
334 486 497 102 341 214 305 118 24 322 
10
443 472 479 448 145 195 112 464 417 135 
10
409 252 388 157 199 128 414 69 225 347 
10
220 258 193 17 344 131 218 487 422 298 
10
262 212 235 423 180 193 115 401 70 269 
10
128 11 270 350 224 273 196 260 162 307 
10
95 26 460 20 151 219 271 15 351 496 
10
289 341 345 240 351 293 50 423 418 331 
10
95 272 321 313 483 387 341 59 350 372 
10
468 431 460 42 171 338 156 455 21 405 
10
328 351 100 472 469 45 450 123 448 297 
10
257 284 230 384 54 256 315 85 107 98 
10
73 471 46 1 17 215 481 471 136 398 
10
386 360 355 372 194 195 180 46 285 418 
10
49 430 346 6 236 361 417 470 404 390 
10
94 349 141 55 465 63 471 451 58 270 
10
321 452 66 200 369 117 110 401 174 150 
10
494 336 305 479 325 186 499 115 499 372 
10
292 107 298 154 87 381 279 80 232 395 
10
157 449 413 55 156 118 110 391 118 271 
10
286 181 273 227 363 203 82 234 395 83 
10
108 58 291 320 364 483 338 308 90 389 
10
141 488 178 475 36 54 160 308 14 35 
10
93 239 170 299 167 382 112 379 392 55 
10
304 66 331 282 83 374 307 309 259 370 
10
461 282 428 186 49 53 485 193 234 454 
10
250 349 238 471 262 309 1 273 81 391 
10
177 259 418 329 408 12 482 190 409 93 
10
190 421 291 394 16 346 439 148 277 300 
10
4 266 472 75 193 349 80 348 284 34 
10
74 178 334 159 169 354 220 60 13 287 
10
318 419 481 496 234 205 500 22 94 11 
10
149 303 218 489 442 340 408 112 326 431 
10
124 59 476 4 82 293 251 83 287 37 
10
319 391 325 387 45 105 312 209 375 69 
10
169 299 29 152 105 42 85 295 201 160 
10
126 448 386 354 226 49 227 441 384 470 
10
330 470 238 435 83 264 91 261 152 446 
10
417 189 196 443 24 403 498 390 195 1 
10
451 352 156 287 283 283 335 383 26 370 
10
381 311 459 395 339 288 38 213 186 279 
10
356 371 1 217 310 180 278 497 160 403 
10
74 451 473 409 459 395 104 35 263 393 
10
94 498 459 406 184 217 323 41 53 490 
10
270 116 356 198 62 203 63 242 234 304 
10
432 409 92 468 153 498 409 361 122 163 
10
248 378 203 9 226 370 41 85 138 77 
10
244 208 315 364 298 309 287 445 268 396 
10
387 475 288 244 248 140 115 277 293 466 
10
179 194 86 106 387 302 153 136 250 45 
10
134 84 478 191 3 347 275 113 161 100 
10
268 339 35 377 376 85 287 102 433 66 
10
481 469 427 386 37 92 25 386 226 373 
10
230 5 304 41 321 175 372 307 298 400 
10
401 408 373 174 165 196 267 429 398 449 
10
221 399 423 473 363 8 144 466 198 224 
10
104 207 141 216 68 367 430 459 43 378 
10
432 135 357 149 413 298 138 125 441 448 
10
332 226 64 175 331 169 431 30 444 213 
10
181 423 57 223 378 173 151 392 284 36 
10
279 373 212 448 113 12 30 233 56 304 
10
494 340 227 207 358 377 175 385 416 428 
10
478 40 111 177 73 178 370 141 386 316 
10
30 222 165 70 73 493 121 233 460 353 
10
296 365 27 259 447 324 450 443 118 244 
10
431 177 460 71 320 130 445 433 39 67 
10
308 23 223 101 141 291 415 361 165 461 
10
312 285 491 269 436 72 51 381 99 272 
10
132 184 38 23 347 309 327 72 70 189 
10
96 249 104 199 264 394 68 181 159 428 
10
393 210 477 327 359 405 420 385 143 21 
10
257 77 58 386 303 43 491 117 77 213 
10
127 254 170 24 484 10 96 109 75 277 
10
6 353 134 274 30 399 435 36 62 227 
10
329 48 162 5 223 145 347 189 299 412 
10
236 148 271 222 100 124 284 460 418 58 
10
413 376 253 485 47 401 164 226 185 70 
10
429 41 369 340 76 286 140 357 37 185 
10
86 422 230 36 251 169 289 448 280 292 
10
278 35 255 71 384 96 218 177 404 482 
10
413 144 444 95 476 194 338 14 420 159 
10
6 86 145 10 492 209 40 51 254 483 
10
500 111 279 19 166 62 280 396 232 126 
10
462 11 209 371 268 390 224 458 233 210 
10
186 372 64 443 344 10 233 141 500 446 
10
279 146 167 108 183 331 88 361 5 482 
10
33 119 225 235 339 300 257 102 254 3 
10
420 3 77 352 201 180 354 314 254 484 
10
96 243 396 192 431 76 204 280 197 495 
10
95 391 59 308 38 38 466 251 240 400 
10
437 314 176 11 86 423 497 211 104 244 
10
157 81 436 403 251 19 430 183 366 307 
10
10 383 391 187 381 280 246 17 346 245 
10
105 103 333 285 206 96 119 236 394 96 
10
405 116 362 447 133 267 468 442 454 447 
10
233 89 168 181 160 427 309 443 385 495 
10
386 295 61 114 325 61 162 29 494 214 
10
292 393 78 166 236 96 469 16 298 473 
10
417 406 226 68 121 116 61 261 10 292 
10
200 7 483 306 412 187 413 118 326 465 
10
384 105 132 331 341 305 40 5 51 440 
10
184 40 149 195 338 497 430 80 220 98 
10
288 291 299 483 145 419 114 71 287 177 
10
378 190 284 60 261 307 175 470 320 395 
10
163 242 372 155 467 307 470 274 196 289 
10
234 326 90 340 48 314 23 240 247 143 
10
310 66 60 323 187 22 17 415 338 437 
10
433 141 357 293 358 70 285 257 157 90 
10
464 443 167 45 401 313 52 22 306 161 
10
76 139 462 301 98 232 362 244 52 4 
10
170 107 214 282 456 487 191 242 245 74 
10
151 287 332 498 10 432 370 204 476 402 
10
363 417 177 128 191 134 96 128 37 66 
10
432 452 153 301 329 15 138 194 125 389 
10
490 146 304 406 498 441 268 140 90 278 
10
87 152 265 425 76 113 358 348 310 12 
10
263 100 425 392 19 428 465 106 98 440 
10
42 10 44 380 380 424 427 365 135 496 
10
291 377 446 282 72 498 194 303 128 173 
10
249 268 286 478 387 406 202 250 199 35 
10
417 146 140 280 49 406 389 103 17 46 
10
303 135 201 448 30 431 171 450 359 474 
10
149 83 41 480 399 434 203 441 398 389 
10
152 356 382 347 300 69 454 106 497 365 
10
152 74 495 435 435 200 77 129 483 363 
10
222 463 212 370 53 68 176 29 155 137 
10
72 376 3 8 443 101 399 273 271 158 
10
398 162 193 237 128 272 421 237 302 18 
10
62 196 316 419 256 275 45 362 445 405 
10
343 436 348 120 212 259 184 262 63 384 
10
316 33 383 320 430 370 94 483 194 209 
10
425 420 470 282 280 48 142 434 461 417 
10
301 36 391 162 418 470 473 302 333 427 
10
96 448 40 8 317 118 261 131 452 94 
10
480 407 158 29 287 233 450 344 477 175 
10
463 11 89 250 237 120 141 261 225 443 
10
354 368 92 377 421 288 155 397 226 299 
10
126 398 129 175 387 441 84 146 232 34 
10
261 2 317 319 127 205 303 346 182 272 
10
360 262 117 9 311 19 41 122 143 135 
10
82 131 80 55 187 139 115 189 265 217 
10
23 147 289 275 65 356 174 254 256 226 
10
344 323 461 146 249 422 388 498 18 302 
10
430 292 115 45 135 290 112 258 31 182 
10
429 481 108 147 456 431 346 55 396 169 
10
497 122 254 222 458 427 94 338 224 46 
10
360 171 165 437 306 371 21 208 281 408 
10
322 44 153 6 153 361 49 121 1 151 
10
432 406 118 452 169 390 312 186 37 220 
10
93 331 129 428 398 407 41 436 192 396 
10
449 435 20 175 351 347 116 296 182 79 
10
303 112 64 325 341 65 157 156 206 12 
10
190 483 332 428 16 466 142 453 474 104 
10
154 228 293 472 309 246 426 458 344 107 
10
270 131 182 443 254 99 449 439 174 446 
10
80 41 112 55 140 148 457 68 144 318 
10
41 339 409 250 171 52 363 217 368 287 
10
228 346 32 122 297 494 456 31 496 338 
10
229 421 204 161 434 371 119 417 131 365 
10
119 409 109 226 273 135 240 61 346 238 
10
95 46 400 461 209 306 456 218 404 398 
10
80 272 183 253 271 184 26 74 213 314 
10
495 206 176 274 484 284 383 109 177 78 
10
487 81 453 174 63 98 450 417 44 177 
10
333 92 132 246 282 17 323 181 267 323 
10
191 189 255 321 268 208 159 302 479 238 
10
182 194 408 373 451 381 170 204 238 158 
10
221 268 479 315 183 308 5 436 116 109 
10
311 441 12 156 29 190 172 123 196 165 
10
161 246 266 35 452 452 174 130 393 487 
10
62 482 272 380 390 477 309 256 336 378 
10
158 352 339 365 427 17 289 147 340 100 
10
420 455 193 160 344 473 366 384 53 288 
10
337 160 468 219 181 73 443 88 405 236 
10
104 253 69 51 36 186 213 59 480 95 
10
206 73 293 218 444 456 339 375 7 198 
10
178 396 456 346 436 182 270 102 261 35 
10
177 41 368 400 110 374 349 449 136 108 
10
460 63 193 392 471 20 137 306 178 100 
10
285 245 373 312 468 257 462 464 138 224 
10
303 88 305 264 129 239 370 109 433 33 
10
67 36 194 483 91 349 40 56 27 399 
10
17 427 364 97 4 335 157 213 192 229 
10
117 106 245 206 156 22 90 17 269 27 
10
344 415 130 278 275 378 479 69 299 151 
10
214 414 342 19 419 445 161 123 380 54 
10
189 77 275 195 72 260 325 248 217 225 
10
489 254 123 24 28 277 281 73 485 454 
10
497 254 3 150 19 272 298 215 54 192 
10
238 88 342 230 246 232 357 230 14 256 
10
262 194 236 56 439 356 169 273 241 430 
10
358 227 42 260 312 172 139 310 255 105 
10
219 491 389 341 398 11 483 92 310 107 
10
357 461 164 266 440 496 481 49 112 351 
10
121 206 316 272 266 147 396 139 194 175 
10
8 461 141 135 427 387 97 67 452 194 
10
446 1 155 151 132 42 383 10 478 208 
10
80 495 340 304 418 30 112 94 251 151 
10
266 249 345 492 171 282 327 287 138 262 
10
431 304 387 401 227 156 286 264 60 92 
10
44 161 50 68 127 9 121 3 206 374 
10
380 350 380 302 488 52 201 23 255 82 
10
290 310 23 143 428 28 119 206 2 491 
10
115 272 449 416 22 63 459 391 214 110 
10
4 31 56 263 119 5 206 133 186 338 
10
395 352 102 4 355 82 297 46 123 161 
10
63 75 18 353 87 476 2 146 400 186 
10
174 485 253 92 441 490 94 285 262 434 
10
123 318 15 249 471 303 81 391 261 425 
10
329 160 134 321 56 320 466 182 282 25 
10
440 143 79 423 356 232 73 216 109 475 
10
323 303 167 229 453 125 193 363 194 415 
10
2 175 332 103 374 460 454 187 243 158 
10
86 196 307 59 407 129 33 92 113 94 
10
145 112 225 404 58 453 462 29 342 200 
10
212 222 303 288 205 317 149 293 287 16 
10
66 9 82 57 302 414 500 156 497 493 
10
434 306 458 88 449 46 398 183 302 293 
10
363 450 224 245 346 308 445 189 75 168 
10
55 135 43 326 304 437 473 243 22 14 
10
135 230 56 273 186 166 414 331 223 145 
10
339 193 387 368 92 124 487 307 383 194 
10
306 298 136 233 406 197 2 95 434 386 
10
222 419 315 316 404 90 295 234 366 266 
10
183 500 115 446 367 412 23 70 52 255 
10
353 268 176 151 346 463 80 463 384 15 
10
468 241 195 174 40 241 350 93 321 181 
10
125 169 248 143 74 319 249 41 199 176 
10
489 446 132 224 262 147 82 58 54 71 
10
251 93 357 230 225 232 450 35 257 91 
10
140 45 487 91 362 433 21 453 346 75 
10
423 36 93 110 270 445 37 104 488 26 
10
71 278 476 417 415 6 111 471 236 365 
10
111 496 313 184 434 161 468 473 377 99 
10
103 57 99 211 392 67 471 39 64 215 
10
120 151 361 429 327 90 70 459 26 68 
10
137 276 130 10 368 45 361 283 484 235 
10
370 33 363 445 103 224 53 240 129 359 
10
320 417 499 230 351 403 343 464 210 348 
10
229 109 490 414 223 177 475 113 367 441 
10
59 77 251 81 153 30 386 442 481 68 
10
71 178 121 155 377 421 438 317 275 329 
10
471 132 33 456 178 117 175 200 136 11 
10
16 41 186 266 500 43 344 456 316 498 
10
233 420 124 258 105 43 201 477 490 61 
10
331 321 489 314 474 111 76 258 26 407 
10
248 290 318 83 128 321 166 287 239 221 
10
234 53 68 219 447 423 438 324 306 240 
10
50 493 70 186 129 115 48 362 462 443 
10
222 158 84 152 137 11 463 427 209 387 
10
52 271 51 470 397 394 170 24 64 27 
10
233 417 148 299 74 484 465 201 42 338 
10
76 207 85 291 126 256 51 62 244 408 
10
62 101 481 165 247 362 210 151 35 205 
10
82 193 320 266 247 421 360 295 224 56 
10
349 443 23 66 257 422 184 341 23 294 
10
266 363 309 12 96 316 436 232 486 274 
10
155 415 115 347 139 403 107 352 207 71 
10
99 462 59 131 209 66 133 205 308 248 
10
94 12 125 200 158 463 463 492 151 91 
10
367 76 417 91 78 394 204 154 48 181 
10
486 483 427 304 96 171 309 272 33 157 
10
459 345 401 248 391 339 110 309 262 298 
10
47 185 191 44 464 486 316 5 342 131 
10
116 139 423 76 314 241 188 432 364 433 
10
244 290 245 292 431 51 99 199 93 423 
10
91 449 227 277 201 194 105 284 101 159 
10
49 99 281 8 127 333 270 118 153 402 
10
441 245 128 82 148 175 214 82 365 493 
10
301 500 71 228 98 454 321 448 444 84 
10
265 255 493 38 199 380 206 311 200 341 
10
337 47 498 305 447 329 498 495 163 372 
10
356 239 47 388 87 305 294 96 95 427 
10
199 333 417 356 409 216 96 11 181 403 
10
218 486 157 224 442 162 458 293 63 253 
10
31 37 432 404 86 487 87 9 29 229 
10
393 266 325 222 190 202 435 312 444 39 
10
173 367 25 132 149 449 492 11 76 310 
10
49 423 310 301 427 482 149 89 160 343 
10
179 388 35 68 226 295 291 80 78 190 
10
482 170 195 351 307 309 118 221 385 331 
10
480 48 122 165 164 173 151 298 279 432 
10
319 496 189 319 445 31 37 385 498 490 
10
345 312 483 457 414 369 192 225 135 224 
10
347 163 136 433 288 167 234 421 394 111 
10
45 58 364 443 378 470 340 271 364 67 
10
325 134 413 305 136 146 365 120 183 406 
10
354 372 101 358 458 457 435 173 445 21 
10
29 359 225 145 337 218 365 385 49 423 
10
232 405 458 403 96 218 201 329 200 43 
10
432 290 307 182 47 234 402 268 196 129 
10
158 234 30 249 408 436 258 4 474 88 
10
410 94 288 229 32 375 248 307 440 198 
10
138 111 283 363 426 54 398 281 279 497 
10
425 26 83 462 156 269 34 435 363 164 
10
434 429 269 344 292 1 146 35 381 220 
10
7 231 209 69 35 247 426 86 48 58 
10
242 31 167 170 308 191 4 259 253 11 
10
234 84 263 20 396 99 158 249 427 50 
10
200 189 124 157 129 142 157 450 440 343 
10
396 313 359 346 124 233 494 473 273 361 
10
234 329 341 221 318 224 468 179 450 354 
10
149 473 239 127 437 419 208 131 483 476 
10
205 244 331 348 145 59 125 322 10 85 
10
460 405 41 250 76 103 292 477 451 328 
10
300 309 431 465 308 322 481 276 268 28 
10
189 340 390 330 260 277 201 115 155 500 
10
480 168 343 308 21 428 306 498 406 21 
10
53 168 274 1 197 398 422 345 196 483 
10
181 282 384 426 358 167 279 224 311 460 
10
499 422 232 111 214 76 213 466 352 474 
10
349 239 10 146 138 427 423 263 64 176 
10
270 47 376 231 264 234 422 405 63 33 
10
89 120 267 445 87 63 80 402 439 275 
10
487 456 74 145 266 25 274 180 401 334 
10
351 273 156 26 204 32 434 110 356 53 
10
2 65 486 474 79 68 324 204 382 427 
10
431 226 100 96 487 121 273 1 423 73 
10
413 347 359 132 220 28 107 317 107 339 
10
5 168 365 435 432 491 218 76 320 189 
10
173 63 78 93 224 462 238 91 203 111 
10
381 106 381 10 295 98 446 395 228 430 
10
160 262 500 341 236 69 60 485 163 99 
10
30 215 307 491 469 25 343 24 473 113 
10
490 445 403 389 337 253 31 199 118 18 
10
259 130 67 153 327 404 287 327 56 338 
10
302 210 13 191 121 196 269 59 179 109 
10
383 9 401 214 63 398 330 338 383 496 
10
317 450 27 264 261 368 182 134 399 208 
10
198 198 484 424 276 453 153 17 281 269 
10
241 330 304 160 45 455 116 458 71 99 
10
96 272 262 110 235 18 238 23 57 83 
10
167 110 277 88 426 74 426 318 305 33 
10
246 198 263 484 432 212 93 111 203 300 
10
418 494 108 160 413 78 363 284 222 134 
10
59 453 287 203 475 195 210 467 176 118 
10
434 358 180 295 71 144 488 126 9 129 
10
297 475 227 461 89 444 48 232 313 120 
10
165 412 109 466 296 204 79 439 417 360 
10
61 273 86 17 101 150 473 116 220 35 
10
396 109 417 223 20 155 123 53 184 335 
10
73 500 185 448 348 220 29 89 143 434 
10
197 143 235 64 187 484 477 333 43 487 
10
138 406 88 479 323 489 203 238 190 27 
10
56 371 214 71 82 263 322 449 282 371 
10
44 357 42 21 261 113 166 142 42 184 
10
325 409 334 402 305 225 467 302 497 84 
10
247 226 495 216 327 13 259 294 62 422 
10
161 208 403 357 323 354 455 419 449 313 
10
113 480 110 131 361 251 10 44 133 333 
10
10 357 113 283 254 301 151 237 226 254 
10
224 400 197 363 368 176 395 414 95 170 
10
110 127 243 370 227 208 447 219 165 211 
10
251 57 321 500 229 226 112 103 463 127 
10
303 490 191 59 100 253 10 161 308 473 
10
17 243 31 61 222 167 410 456 85 203 
10
361 214 445 217 32 151 82 413 102 313 
10
458 216 18 132 75 398 255 95 349 485 
10
69 201 65 207 19 1 380 295 87 447 
10
212 245 437 205 226 435 138 253 477 72 
10
223 1 156 145 65 265 226 237 130 480 
10
378 184 200 388 317 179 241 144 302 473 
10
45 16 420 29 330 230 13 341 268 31 
10
212 122 309 62 32 78 96 241 11 119 
10
139 247 253 199 364 303 146 56 82 82 
10
287 21 435 403 96 139 136 261 383 116 
10
126 231 17 362 193 263 307 69 457 237 
10
467 296 242 321 337 82 7 307 182 237 
10
12 456 53 320 241 167 450 352 206 41 
10
152 337 117 258 259 480 6 244 34 87 
10
344 492 386 472 232 300 300 368 10 498 
10
466 398 425 359 458 40 128 238 159 401 
10
341 208 8 108 474 190 238 192 152 329 
10
375 356 281 344 359 221 29 269 301 24 
10
253 452 287 356 120 14 362 379 35 207 
10
41 30 132 255 323 286 71 286 270 391 
10
67 470 433 391 313 461 417 367 286 124 
10
451 330 139 91 145 280 85 186 8 289 
10
324 458 7 280 277 84 290 56 357 226 
10
143 57 291 229 343 35 89 317 380 379 
10
171 436 41 426 76 17 47 245 184 274 
10
219 99 467 375 422 33 196 44 260 352 
10
290 419 255 30 338 472 162 64 192 146 
10
302 99 375 171 56 409 93 342 128 127 
10
301 145 266 275 167 228 197 378 465 297 
10
285 4 447 279 57 1 99 270 49 242 
10
36 385 253 454 121 166 488 188 485 320 
10
36 234 128 140 480 280 5 110 143 207 
10
266 221 364 83 131 27 52 291 258 313 
10
361 72 387 408 466 122 467 112 34 76 
10
356 253 320 73 169 316 383 480 101 134 
10
320 42 173 263 411 54 362 201 332 287 
10
474 295 261 362 472 458 33 330 383 306 
10
115 225 167 43 454 39 40 476 212 190 
10
453 81 120 78 252 390 25 358 267 216 
10
200 123 432 16 16 394 96 206 349 131 
10
103 322 305 460 375 479 419 451 345 285 
10
111 366 342 269 263 460 94 126 291 86 
10
42 279 38 156 478 58 160 16 64 300 
10
376 230 467 362 10 452 3 156 264 352 
10
148 236 11 96 197 373 50 222 192 283 
10
83 436 154 281 124 301 401 215 270 121 
10
421 391 407 311 171 475 459 80 497 322 
10
150 474 114 255 256 115 84 122 345 324 
10
494 311 17 285 394 70 220 91 251 194 
10
366 307 228 172 11 282 242 483 309 271 
10
456 276 81 382 166 104 311 128 381 282 
10
164 278 355 32 484 405 75 344 263 88 
10
273 381 356 228 81 435 265 441 285 209 
10
99 216 268 40 465 242 144 296 435 172 
10
211 285 411 494 432 106 365 410 431 206 
10
365 408 309 308 437 237 358 218 191 240 
10
388 349 469 476 106 145 286 107 84 170 
10
259 333 143 304 368 486 57 440 152 148 
10
146 128 392 326 183 468 471 261 400 40 
10
188 224 36 16 207 248 309 252 433 303 
10
80 214 168 462 487 125 216 351 484 300 
10
420 430 193 234 275 296 51 441 240 456 
10
162 86 362 235 276 256 84 500 306 41 
10
111 428 338 121 370 227 439 353 174 138 
10
190 467 131 45 461 160 17 30 231 282 
10
140 83 362 202 441 73 369 369 320 390 
10
129 457 143 242 434 424 361 27 477 174 
10
452 395 272 61 435 71 248 161 213 23 
10
124 135 126 54 80 155 444 443 191 136 
10
292 221 430 167 282 393 53 428 172 250 
10
483 288 304 76 484 215 405 273 76 390 
10
383 291 356 65 9 466 126 381 346 170 
10
443 402 368 12 418 178 59 216 247 399 
10
153 75 318 9 191 210 153 143 243 435 
10
441 115 227 86 349 89 5 154 461 371 
10
397 28 250 263 83 347 113 164 253 410 
10
173 422 118 352 205 202 353 70 226 475 
10
14 395 177 141 59 310 151 486 92 487 
10
239 256 108 299 206 452 464 451 232 400 
10
212 416 327 118 242 28 384 181 77 321 
10
448 269 469 259 28 281 178 254 130 492 
10
301 68 314 468 79 234 253 143 187 401 
10
457 270 29 67 478 122 200 277 125 421 
10
207 436 75 389 418 278 392 238 195 377 
10
181 465 479 325 373 486 156 152 59 170 
10
55 386 197 407 107 213 209 487 477 64 
10
81 265 352 447 355 462 100 364 126 309 
10
405 321 344 477 293 57 11 444 479 439 
10
315 478 234 408 338 149 462 112 299 20 
10
34 223 429 351 301 422 474 263 445 268 
10
150 495 339 169 287 387 409 66 364 270 
10
391 397 129 483 346 34 126 306 498 262 
10
129 282 280 176 113 455 171 266 72 93 
10
83 181 431 93 43 126 475 274 249 120 
10
66 411 486 236 223 266 292 71 97 346 
10
56 357 367 157 6 362 126 230 239 336 
10
283 469 361 40 196 310 77 418 378 441 
10
132 19 218 184 171 63 201 438 326 179 
10
219 427 161 383 470 416 221 246 462 186 
10
371 396 348 168 366 336 236 482 405 55 
10
479 250 10 122 308 363 11 387 165 243 
10
328 243 353 428 282 475 487 250 50 48 
10
91 428 440 118 372 486 228 419 156 155 
10
424 347 446 104 234 450 20 408 274 145 
10
403 469 216 435 461 222 107 86 130 230 
10
439 262 407 108 454 168 222 224 350 212 
10
378 20 237 239 44 397 407 243 381 459 
10
446 260 234 236 184 358 229 125 228 100 
10
145 228 408 79 477 345 280 299 322 406 
10
486 116 221 392 30 443 60 10 208 87 
10
323 59 6 146 346 414 421 232 350 196 
10
256 161 169 191 368 335 368 138 433 236 
10
187 276 209 78 293 488 96 250 321 381 
10
385 71 193 355 122 439 453 440 498 472 
10
103 239 288 55 55 25 288 339 65 223 
10
372 86 478 213 59 442 58 413 448 407 
10
322 199 31 173 269 220 178 394 217 306 
10
182 332 436 71 168 423 404 89 263 428 
10
13 134 86 77 238 48 6 131 432 138 
10
266 132 493 405 71 284 473 362 454 51 
10
421 469 423 222 64 185 51 13 379 409 
10
244 494 50 240 76 259 14 488 38 305 
10
252 174 230 40 460 407 6 269 326 242 
10
467 151 159 491 308 299 49 429 17 223 
10
297 247 131 225 480 134 388 319 257 480 
10
277 398 180 166 400 251 31 321 131 165 
10
199 71 465 255 94 135 346 228 53 461 
10
320 388 4 367 177 352 413 27 125 287 
10
446 470 454 409 358 264 345 254 68 359 
10
347 421 324 494 267 303 102 207 205 466 
10
392 490 247 191 94 247 421 172 22 254 
10
21 242 439 394 421 355 203 493 284 287 
10
401 243 20 283 141 310 67 113 401 50 
10
177 245 47 419 323 171 219 187 31 212 
10
239 47 71 387 311 448 53 244 192 301 
10
398 493 247 81 339 331 22 77 251 110 
10
139 92 347 249 276 268 235 297 376 267 
10
478 161 41 136 260 210 308 258 232 430 
10
58 203 114 480 262 411 340 88 179 225 
10
297 334 264 494 248 255 251 395 380 346 
10
7 375 304 16 218 464 150 65 307 179 
10
170 334 399 33 369 19 230 291 288 12 
10
448 135 176 417 345 221 487 450 414 399 
10
253 48 48 65 206 67 257 114 138 475 
10
221 157 485 53 58 137 327 78 20 438 
10
336 468 119 7 340 454 260 405 361 430 
10
229 500 36 292 178 96 212 375 208 377 
10
387 37 495 286 381 42 1 252 315 97 
10
68 440 401 409 105 19 89 454 243 432 
10
372 268 201 392 354 287 330 498 199 448 
10
375 130 323 453 175 458 34 40 500 213 
10
135 117 204 99 493 170 480 86 374 257 
10
115 494 81 31 348 231 495 325 139 21 
10
58 442 210 361 473 373 198 3 116 354 
10
117 459 120 422 149 71 18 425 57 371 
10
213 426 250 53 301 20 453 445 244 381 
10
297 277 289 106 229 438 423 486 211 256 
10
281 79 264 280 228 66 337 86 40 215 
10
222 245 318 500 45 484 363 321 9 56 
10
383 432 187 158 131 286 277 21 62 317 
10
208 129 423 466 5 17 306 39 196 166 
10
8 169 456 292 52 437 224 166 183 118 
10
208 111 60 220 129 388 477 413 297 268 
10
282 337 236 43 104 188 463 46 43 47 
10
453 238 200 186 87 267 308 209 28 165 
10
290 320 374 51 27 134 484 468 245 204 
10
147 137 194 260 215 300 130 472 216 251 
10
172 402 131 426 392 4 41 182 402 499 
10
102 88 152 85 283 140 15 348 46 301 
10
231 414 255 285 177 245 416 85 100 419 
10
212 122 271 357 240 7 251 175 109 83 
10
286 73 454 425 56 150 356 458 269 440 
10
463 156 165 462 255 57 320 320 220 292 
10
455 263 111 216 183 116 432 259 251 172 
10
114 63 452 237 178 399 375 271 411 324 
10
217 345 481 484 153 196 30 435 310 270 
10
381 289 306 418 249 344 393 299 174 292 
10
143 227 154 65 427 69 391 80 286 79 
10
175 223 489 244 98 289 161 23 232 212 
10
161 208 368 57 199 206 48 228 349 264 
10
241 464 230 102 456 330 200 114 291 83 
10
27 219 174 113 161 230 470 178 112 301 
10
283 308 109 394 363 12 492 340 78 434 
10
464 258 402 408 214 343 39 31 463 118 
10
118 163 413 187 197 402 92 182 375 115 
10
500 6 316 167 494 317 176 387 223 467 
10
359 154 101 480 71 165 2 1 321 324 
10
26 107 357 52 218 6 39 291 89 45 
10
99 224 108 397 13 290 156 416 2 189 
10
385 223 22 193 254 470 442 100 30 379 
10
297 143 452 320 302 313 111 339 6 91 
10
24 459 130 147 411 472 423 162 96 141 
10
125 4 142 400 408 428 146 306 454 196 
10
228 100 344 222 479 337 150 266 232 330 
10
397 272 397 400 272 111 208 239 11 113 
10
230 401 71 105 191 7 399 470 28 293 
10
478 172 243 362 159 112 330 304 71 478 
10
146 112 363 16 150 399 397 325 222 301 
10
461 194 54 246 80 304 164 306 428 9 
10
78 376 142 141 127 60 477 118 174 321 
10
1 185 215 170 249 92 313 439 237 494 
10
49 135 393 278 382 174 294 209 328 291 
10
149 149 321 197 461 209 274 86 23 410 
10
283 351 45 206 241 334 496 290 98 110 
10
392 78 233 43 367 376 286 313 489 353 
10
284 414 114 266 238 16 226 399 122 291 
10
112 87 460 284 196 39 396 327 371 30 
10
404 346 299 448 292 377 353 101 213 290 
10
114 141 164 428 3 61 58 282 178 41 
10
178 461 176 13 114 463 183 252 56 118 
10
367 341 23 284 194 152 251 207 224 308 
10
134 27 271 484 408 424 342 133 304 348 
10
134 323 390 212 289 356 31 463 361 427 
10
330 314 302 340 479 83 308 352 151 223 
10
326 303 319 391 203 473 119 113 459 357 
10
3 392 422 70 115 329 111 32 124 112 
10
318 299 43 285 255 67 323 353 268 486 
10
477 129 387 459 380 273 382 138 176 315 
10
274 157 149 122 145 435 242 337 250 152 
10
324 228 206 95 495 400 313 260 173 78 
10
224 165 214 383 79 385 443 205 232 15 
10
301 438 207 265 299 361 113 255 148 140 
10
468 446 96 114 147 288 313 120 395 218 
10
234 87 247 372 134 187 263 108 262 19 
10
112 228 330 32 17 327 455 359 239 68 
10
195 289 458 241 361 178 123 434 329 213 
10
276 275 187 33 428 446 307 155 494 364 
10
391 152 104 196 23 51 339 344 121 226 
10
452 364 363 4 71 199 339 360 236 376 
10
472 173 180 320 496 187 169 195 267 110 
10
163 383 410 55 455 213 173 43 352 360 
10
230 231 180 163 325 181 311 490 100 128 
10
273 496 457 51 113 126 61 98 100 344 
10
305 342 341 2 100 155 45 42 176 370 
10
64 286 45 332 261 249 486 409 107 484 
10
250 201 245 441 326 222 11 488 131 485 
10
65 233 361 200 228 39 360 219 148 264 
10
135 240 367 382 431 392 454 309 403 25 
10
125 336 20 465 116 17 268 348 232 334 
10
170 78 232 74 398 154 422 471 91 317 
10
106 261 214 282 485 156 432 316 481 233 
10
345 413 33 48 196 80 388 475 258 27 
10
495 430 176 351 277 34 456 329 24 308 
10
445 155 398 199 22 79 15 287 433 498 
10
299 179 365 393 131 61 447 60 234 204 
10
246 77 370 324 369 372 89 165 315 205 
10
289 465 61 479 363 10 10 369 290 3 
10
445 349 268 57 22 289 131 319 140 50 
10
103 319 200 447 466 221 145 91 312 492 
10
112 344 240 401 389 88 232 397 39 257 
10
453 181 301 86 360 246 28 212 140 157 
10
242 406 277 41 422 183 272 209 188 321 
10
70 82 48 66 335 348 298 41 32 65 
10
427 278 458 95 202 474 20 180 457 440 
10
313 395 115 325 481 206 327 107 320 376 
10
292 15 262 314 97 244 25 423 109 98 
10
232 194 195 251 182 284 307 236 436 360 
10
404 209 318 311 360 138 380 456 205 297 
10
36 185 149 18 149 488 225 308 102 8 
10
202 92 39 177 297 379 494 153 8 28 
10
447 281 461 16 292 24 215 49 166 127 
10
50 419 130 183 457 167 443 60 440 265 
10
82 236 210 154 362 332 394 498 112 469 
10
421 217 462 374 327 485 75 182 403 174 
10
385 344 51 289 440 295 172 75 110 70 
10
294 460 364 224 354 267 225 227 276 384 
10
87 450 396 104 92 10 185 162 267 225 
10
43 149 288 314 242 18 404 498 462 385 
10
273 75 480 407 384 467 99 66 13 25 
10
67 10 240 206 71 393 456 444 273 111 
10
110 120 213 219 462 478 204 218 166 7 
10
242 88 154 74 162 373 17 298 272 329 
10
465 16 364 261 340 319 239 388 120 80 
10
99 190 41 58 351 374 276 294 351 269 
10
146 262 404 81 2 320 370 320 241 336 
10
470 210 28 373 122 39 434 414 68 4 
10
72 95 159 37 109 46 382 225 203 423 
10
30 133 500 169 294 464 179 59 39 450 
10
335 163 250 81 494 399 429 216 116 472 
10
161 193 32 196 486 39 40 74 404 170 
10
110 411 497 193 219 264 15 496 319 100 
10
104 18 360 429 487 89 470 278 482 163 
10
204 20 254 317 452 199 37 289 288 22 
10
200 101 217 302 457 429 277 485 344 216 
10
177 235 184 287 229 371 486 306 60 475 
10
127 193 63 170 157 70 75 374 391 201 
10
286 158 68 437 41 218 49 289 455 389 
10
479 306 39 143 170 347 219 298 182 201 
10
105 339 317 348 219 249 326 16 322 125 
10
181 159 452 392 165 415 425 242 254 427 
10
32 126 384 365 418 386 85 271 272 151 
10
43 81 220 6 87 369 164 27 387 310 
10
115 39 206 275 218 107 238 418 480 262 
10
475 455 165 90 295 490 244 440 36 249 
10
438 69 314 214 457 128 105 85 280 37 
10
86 217 487 363 309 438 393 239 200 265 
10
472 358 84 421 15 64 107 238 350 126 
10
47 174 469 486 244 470 277 190 67 181 
10
467 270 148 389 260 61 263 192 494 327 
10
443 148 432 127 211 28 173 279 104 161 
10
254 196 470 462 35 28 109 246 14 371 
10
160 470 462 227 487 257 42 235 362 110 
10
135 152 448 142 100 212 412 395 293 220 
10
42 119 123 214 236 62 47 22 307 153 
10
108 453 192 64 350 157 112 237 191 123 
10
11 338 24 55 90 134 197 318 28 188 
10
191 151 154 255 243 451 409 377 261 52 
10
443 24 54 259 153 81 473 479 79 252 
10
406 107 128 246 291 408 73 377 187 394 
10
408 39 419 239 19 460 451 498 484 254 
10
455 317 59 406 244 8 340 193 371 258 
10
166 237 114 371 234 238 181 436 48 274 
10
311 334 444 322 234 291 254 334 362 451 
10
198 342 281 163 12 355 463 327 24 484 
10
23 282 427 292 491 489 111 484 375 375 
10
157 473 128 368 53 150 291 477 59 448 
10
448 42 303 364 38 349 153 186 270 290 
10
67 116 40 182 180 412 214 336 316 118 
10
401 69 126 423 244 456 256 475 416 487 
10
469 322 56 288 251 170 95 259 82 65 
10
162 328 12 157 157 206 89 156 265 117 
10
76 231 181 46 354 276 234 77 25 184 
10
375 174 95 219 168 370 346 457 107 289 
10
421 478 326 308 78 264 98 33 151 273 
10
284 119 166 103 385 138 112 473 342 392 
10
15 472 113 211 24 66 185 457 488 480 
10
421 264 187 251 247 66 280 343 137 9 
10
121 469 199 340 454 214 392 213 447 237 
10
157 297 314 25 156 127 62 492 402 204 
10
408 390 346 333 372 227 43 433 1 254 
10
240 322 212 418 260 471 362 416 3 458 
10
355 295 224 292 449 186 82 121 486 69 
10
258 454 392 239 163 83 160 328 165 461 
10
327 49 260 210 19 30 315 57 263 164 
10
379 18 63 303 188 276 372 137 471 72 
10
305 413 300 482 258 454 221 493 224 275 
10
93 397 493 408 211 389 161 40 82 24 
10
367 114 306 22 70 150 230 298 478 376 
10
204 216 242 330 339 82 433 157 406 169 
10
492 20 148 109 318 184 492 70 369 448 
10
5 262 169 132 352 100 177 414 319 435 
10
441 419 150 34 330 400 420 414 309 186 
10
85 164 225 357 58 168 421 413 172 499 
10
20 256 374 257 217 355 72 165 14 87 
10
40 312 19 167 305 145 131 188 498 498 
10
269 330 461 329 136 230 175 395 315 80 
10
380 93 437 338 82 242 238 7 229 153 
10
462 205 260 340 334 68 54 372 229 492 
10
415 497 164 227 382 313 469 185 245 41 
10
53 457 289 487 136 321 13 214 325 130 
10
115 173 289 271 476 140 424 203 436 381 
10
252 266 333 387 162 203 137 282 16 372 
10
160 124 136 493 428 400 300 263 64 83 
10
185 81 372 240 330 198 68 152 389 297 
10
261 467 251 105 196 88 46 129 149 4 
10
139 139 412 327 191 316 58 16 146 255 
10
133 52 155 410 132 20 443 69 359 349 
10
1 68 299 132 288 475 363 461 323 458 
10
420 95 303 319 438 486 495 109 397 153 
10
221 7 213 343 207 480 287 4 289 97 
10
233 350 438 207 165 461 175 361 353 287 
10
122 481 298 284 331 190 241 498 170 15 
10
458 101 360 377 35 369 137 389 231 442 
10
268 271 192 252 323 110 259 478 188 67 
10
134 491 136 460 363 311 369 204 110 114 
10
21 41 38 465 294 42 235 72 316 224 
10
57 147 448 27 496 135 28 85 16 346 
10
125 141 322 63 442 33 353 302 300 53 
10
22 223 495 312 53 420 470 439 20 300 
10
261 99 339 449 25 192 485 425 140 222 
10
224 408 94 258 203 482 263 149 199 482 
10
180 397 384 32 210 37 434 149 212 129 
10
200 35 87 1 176 350 453 354 340 201 
10
268 192 196 275 206 26 460 115 402 418 
10
170 9 22 351 496 384 282 422 131 129 
10
410 105 76 181 243 190 10 436 234 495 
10
92 233 453 92 221 250 370 134 339 287 
10
36 310 158 209 163 87 96 222 38 499 
10
103 421 133 213 374 344 37 173 402 224 
10
446 225 400 398 266 114 445 55 38 8 
10
264 492 453 252 474 102 474 29 7 329 
10
460 380 239 267 433 329 42 195 480 167 
10
196 429 411 437 315 188 14 174 293 98 
10
257 193 231 123 345 474 185 308 460 215 
10
31 68 126 303 349 71 115 455 229 3 
10
436 51 197 140 489 400 226 154 149 349 
10
378 16 280 237 29 147 180 429 110 325 
10
439 55 291 99 126 58 395 31 473 152 
10
72 233 138 132 6 419 217 241 75 396 
10
191 177 338 101 325 2 247 5 160 104 
10
468 65 468 149 73 134 42 254 2 349 
10
9 371 63 92 472 385 129 418 9 274 
10
203 294 432 146 81 115 450 461 170 42 
10
251 331 144 6 95 435 65 144 236 261 
10
250 484 7 184 387 64 231 322 48 2 
10
276 31 6 387 137 480 442 61 144 187 
10
102 488 434 454 482 149 145 259 130 104 
10
473 237 54 263 304 499 314 187 190 22 
10
138 441 271 457 269 336 293 415 368 62 
10
128 432 9 21 76 148 288 484 289 292 
10
296 412 319 499 62 107 190 327 61 87 
10
454 457 159 147 17 92 258 448 2 439 
10
380 8 296 438 135 53 486 168 261 400 
10
416 297 242 306 191 334 411 124 210 381 
10
71 156 305 105 9 109 137 296 199 272 
10
150 430 90 103 64 376 35 240 172 179 
10
233 217 39 60 290 265 359 29 257 327 
10
6 59 293 475 166 446 361 195 164 450 
10
76 177 313 14 452 301 85 10 172 292 
10
389 486 363 41 225 315 129 321 18 268 
10
284 431 327 10 111 12 472 200 264 477 
10
307 159 338 257 460 412 437 182 171 212 
10
285 263 373 159 150 253 12 410 2 36 
10
398 156 119 176 31 253 369 263 11 296 
10
488 194 432 320 242 444 395 140 470 53 
10
135 351 354 271 30 379 54 204 386 422 
10
228 387 187 175 401 343 56 32 315 85 
10
400 417 365 25 299 244 55 477 464 188 
10
462 127 345 481 242 254 273 339 353 334 
10
306 88 113 358 275 486 201 184 94 304 
10
345 287 41 107 56 360 364 372 112 221 
10
249 170 421 274 231 295 280 166 346 63 
10
35 349 167 248 197 178 21 193 360 365 
10
255 320 404 491 353 136 84 43 64 287 
10
283 239 123 20 17 500 40 490 424 221 
10
347 268 298 352 48 22 207 390 21 440 
10
63 111 437 171 207 157 82 105 128 72 
10
216 327 451 245 419 140 489 466 301 383 
10
140 449 170 110 467 426 405 152 439 18 
10
33 427 462 244 288 355 281 312 302 24 
10
202 110 487 437 488 330 25 373 247 385 
10
473 23 307 342 456 294 160 325 390 52 
10
320 27 483 309 190 232 331 71 227 117 
10
483 45 242 134 7 368 403 273 118 478 
10
110 374 230 43 357 73 13 283 85 334 
10
281 431 128 83 116 291 411 13 54 361 
10
107 89 261 354 304 135 197 311 251 404 
10
54 376 265 115 450 499 401 247 173 89 
10
178 293 176 3 321 114 25 343 420 496 
10
440 342 406 55 222 151 299 295 128 346 
10
256 496 497 274 485 58 177 475 387 472 
10
295 91 341 104 199 10 100 500 227 73 
10
115 89 281 252 77 353 481 329 72 7 
10
203 434 198 10 221 155 264 77 359 473 
10
177 479 1 7 32 427 122 429 175 450 
10
130 432 116 271 53 364 48 304 41 265 
10
9 468 207 420 68 495 341 300 372 347 
10
420 42 214 81 401 475 294 96 259 489 
10
14 6 418 266 447 333 483 110 87 55 
10
426 324 313 423 83 498 54 19 483 283 
10
500 461 425 105 36 460 296 366 38 361 
10
162 404 94 264 87 92 465 379 374 80 
10
344 454 291 470 26 306 307 170 464 12 
10
98 179 484 72 230 358 370 327 163 335 
10
242 174 168 466 462 213 212 332 81 149 
10
8 55 347 207 235 124 154 289 303 417 
10
114 468 156 398 497 188 441 493 128 321 
10
213 411 348 80 489 140 421 318 187 83 
10
315 491 133 172 486 261 261 32 211 286 
10
202 7 153 452 464 241 69 299 270 321 
10
121 394 182 220 499 133 298 308 334 31 
10
414 161 221 240 443 447 435 346 481 135 
10
183 95 413 153 49 173 400 4 89 457 
10
176 400 92 86 228 97 471 479 24 128 
10
122 118 73 170 137 301 229 83 148 258 
10
99 407 1 184 433 67 303 260 336 110 
10
236 399 317 422 389 90 44 343 36 336 
10
166 450 278 152 239 149 409 478 423 206 
10
72 372 436 23 149 104 49 133 467 230 
10
313 463 478 433 341 478 162 11 39 160 
10
163 302 408 258 319 167 335 424 203 305 
10
428 308 182 267 31 169 369 87 335 32 
10
258 480 485 152 53 171 341 235 294 409 
10
156 233 20 357 50 252 27 439 120 233 
10
334 411 343 304 282 482 495 491 436 296 
10
207 108 194 232 500 484 196 500 153 149 
10
453 255 465 90 74 352 438 173 57 444 
10
1 167 421 84 333 414 251 173 254 219 
10
349 322 138 160 242 332 415 147 131 462 
10
497 246 31 252 256 161 230 223 358 337 
10
113 39 349 447 22 371 227 196 40 415 
10
279 61 180 234 180 481 30 411 497 370 
10
255 238 338 245 127 332 488 429 139 336 
10
26 476 172 446 365 395 167 377 169 184 
10
39 207 202 58 407 327 167 284 185 326 
10
151 303 285 423 212 67 47 319 50 65 
10
332 310 382 65 384 239 158 427 490 6 
10
129 145 366 21 52 13 2 187 313 31 
10
14 279 212 437 138 481 260 195 218 369 
10
1 75 323 206 112 7 267 57 138 476 
10
450 91 348 300 476 136 403 40 184 399 
10
288 391 480 168 477 20 177 326 46 380 
10
341 186 499 419 348 31 116 89 116 164 
10
365 105 435 432 245 305 382 374 50 379 
10
252 51 318 69 184 228 141 127 41 426 
10
325 360 81 336 488 88 254 388 286 358 
10
124 54 497 316 240 430 171 5 443 337 
10
313 296 216 8 358 438 210 242 449 281 
10
119 44 97 24 271 487 489 459 280 351 
10
445 207 57 137 169 432 242 45 165 151 
10
240 164 367 245 299 301 323 254 472 460 
10
16 383 339 144 10 454 293 142 425 230 
10
307 161 32 269 189 399 146 352 458 215 
10
461 378 151 359 245 75 78 434 417 243 
10
241 343 124 439 222 208 64 125 411 380 
10
407 431 496 329 300 146 51 262 17 187 
10
193 163 408 448 427 186 116 436 57 196 
10
195 99 434 433 500 417 186 449 140 362 
10
54 145 399 348 224 132 430 259 443 146 
10
201 444 79 156 425 264 227 132 252 222 
10
294 220 7 320 179 359 357 360 6 492 
10
359 270 415 431 347 356 273 220 15 162 
10
354 226 295 205 81 399 226 266 368 276 
10
491 317 256 329 2 234 24 474 333 227 
10
34 279 304 273 144 104 194 373 85 48 
10
362 445 267 32 336 432 303 97 381 15 
10
402 37 324 299 484 131 328 165 402 294 
10
153 455 9 467 240 480 347 211 424 362 
10
7 253 181 464 368 33 359 109 111 48 
10
220 313 213 452 124 313 305 60 389 311 
10
10 241 99 71 373 14 176 145 4 4 
10
385 102 321 280 371 77 84 5 481 244 
10
488 170 402 208 126 449 492 7 438 207 
10
209 185 478 416 136 365 273 182 376 229 
10
4 102 297 284 94 120 329 231 214 425 
10
455 247 227 53 193 208 186 180 492 44 
10
463 21 80 455 413 55 350 359 321 172 
10
43 11 246 331 117 305 121 264 370 16 
10
308 288 123 497 429 447 318 146 388 233 
10
493 47 153 66 227 372 97 38 149 259 
10
450 453 30 343 101 110 391 138 194 12 
10
447 372 457 224 202 250 30 8 260 76 
10
169 165 60 325 55 430 361 85 103 453 
10
470 264 259 352 492 483 112 69 128 171 
10
493 419 378 208 114 487 311 10 205 421 
10
343 332 148 139 18 49 33 290 46 375 
10
394 41 191 275 243 43 360 242 323 418 
10
317 100 65 219 87 44 181 387 13 479 
10
253 241 36 477 209 339 453 440 240 340 
10
391 123 106 293 32 250 241 497 309 139 
10
24 320 247 312 371 168 63 451 362 348 
10
128 193 414 91 253 161 205 1 324 187 
10
271 477 236 67 456 290 309 281 144 97 
10
94 358 212 479 77 477 118 99 46 465 
10
217 414 220 226 348 298 378 299 89 73 
10
212 428 102 293 89 448 396 8 89 431 
10
15 256 49 257 317 281 247 468 343 412 
10
17 74 448 434 475 31 267 219 120 129 
10
357 177 29 133 477 154 449 53 282 56 
10
330 466 273 76 307 428 271 30 207 444 
10
32 172 5 42 131 115 113 385 287 157 
10
121 59 76 287 237 498 460 340 253 218 
10
267 94 9 296 437 399 366 422 190 60 
10
70 340 9 228 156 223 52 218 270 322 
10
371 82 15 27 127 372 387 112 199 484 
10
354 260 439 265 121 73 442 267 115 344 
10
23 169 415 172 497 113 169 297 81 22 
10
494 487 23 340 278 140 51 52 338 390 
10
14 138 222 75 73 190 438 478 403 274 
